# B-Spline Path (sampled)
# Format: t q1 q2 q3 q4 q5 q6
0 0.785398 -1.0472 0.785398 0 -1.309 0
0.00502513 0.75555 -1.04222 0.780423 0.00994934 -1.30402 0.029848
0.0100503 0.730826 -1.0381 0.776303 0.0181907 -1.2999 0.054572
0.0150754 0.709995 -1.03463 0.772831 0.0251345 -1.29643 0.0754035
0.0201005 0.692075 -1.03164 0.769844 0.0311078 -1.29344 0.0933233
0.0251256 0.676306 -1.02902 0.767216 0.036364 -1.29081 0.109092
0.0301508 0.662118 -1.02665 0.764852 0.0410932 -1.28845 0.12328
0.0351759 0.649101 -1.02448 0.762682 0.0454325 -1.28628 0.136297
0.040201 0.636971 -1.02246 0.76066 0.0494756 -1.28426 0.148427
0.0452261 0.625548 -1.02056 0.758756 0.0532835 -1.28236 0.159851
0.0502513 0.614715 -1.01875 0.756951 0.0568944 -1.28055 0.170683
0.0552764 0.604397 -1.01703 0.755231 0.0603337 -1.27883 0.181001
0.0603015 0.594533 -1.01539 0.753587 0.0636216 -1.27719 0.190865
0.0653266 0.585071 -1.01381 0.75201 0.0667758 -1.27561 0.200327
0.0703518 0.575964 -1.01229 0.750493 0.0698112 -1.27409 0.209434
0.0753769 0.567175 -1.01083 0.749028 0.0727409 -1.27263 0.218223
0.080402 0.55867 -1.00941 0.74761 0.075576 -1.27121 0.226728
0.0854271 0.55042 -1.00803 0.746235 0.0783261 -1.26983 0.234978
0.0904523 0.5424 -1.0067 0.744898 0.0809994 -1.2685 0.242998
0.0954774 0.534589 -1.0054 0.743597 0.0836032 -1.2672 0.25081
0.100503 0.526965 -1.00413 0.742326 0.0861443 -1.26592 0.258433
0.105528 0.519512 -1.00288 0.741084 0.0886288 -1.26468 0.265886
0.110553 0.512209 -1.00167 0.739867 0.0910629 -1.26347 0.273189
0.115578 0.505041 -1.00047 0.738672 0.0934524 -1.26227 0.280357
0.120603 0.497989 -0.999296 0.737497 0.095803 -1.2611 0.287409
0.125628 0.491038 -0.998137 0.736338 0.0981201 -1.25994 0.29436
0.130653 0.484171 -0.996993 0.735194 0.100409 -1.25879 0.301227
0.135678 0.477376 -0.99586 0.734061 0.102674 -1.25766 0.308022
0.140704 0.470638 -0.994737 0.732938 0.10492 -1.25654 0.31476
0.145729 0.463946 -0.993622 0.731823 0.107151 -1.25542 0.321453
0.150754 0.457289 -0.992513 0.730713 0.10937 -1.25431 0.32811
0.155779 0.450658 -0.991408 0.729608 0.11158 -1.25321 0.33474
0.160804 0.444047 -0.990306 0.728506 0.113784 -1.25211 0.341351
0.165829 0.437449 -0.989206 0.727407 0.115983 -1.25101 0.347949
0.170854 0.43086 -0.988108 0.726308 0.118179 -1.24991 0.354538
0.175879 0.424276 -0.987011 0.725211 0.120374 -1.24881 0.361122
0.180905 0.417696 -0.985914 0.724114 0.122567 -1.24771 0.367702
0.18593 0.411117 -0.984817 0.723018 0.12476 -1.24662 0.374281
0.190955 0.404539 -0.983721 0.721922 0.126953 -1.24552 0.380859
0.19598 0.397961 -0.982625 0.720825 0.129146 -1.24442 0.387437
0.201005 0.391384 -0.981528 0.719729 0.131338 -1.24333 0.394015
0.20603 0.384806 -0.980432 0.718633 0.133531 -1.24223 0.400593
0.211055 0.378228 -0.979336 0.717536 0.135723 -1.24114 0.40717
0.21608 0.37165 -0.97824 0.71644 0.137916 -1.24004 0.413748
0.221106 0.365072 -0.977143 0.715344 0.140109 -1.23894 0.420326
0.226131 0.358494 -0.976047 0.714247 0.142301 -1.23785 0.426904
0.231156 0.351916 -0.974951 0.713151 0.144494 -1.23675 0.433482
0.236181 0.345338 -0.973854 0.712055 0.146687 -1.23565 0.44006
0.241206 0.338761 -0.972758 0.710959 0.148879 -1.23456 0.446638
0.246231 0.332183 -0.971662 0.709862 0.151072 -1.23346 0.453216
0.251256 0.325605 -0.970565 0.708766 0.153264 -1.23236 0.459793
0.256281 0.319027 -0.969469 0.70767 0.155457 -1.23127 0.466371
0.261307 0.312449 -0.968373 0.706573 0.15765 -1.23017 0.472949
0.266332 0.305871 -0.967276 0.705477 0.159842 -1.22908 0.479527
0.271357 0.299293 -0.96618 0.704381 0.162035 -1.22798 0.486105
0.276382 0.292715 -0.965084 0.703284 0.164228 -1.22688 0.492683
0.281407 0.286138 -0.963987 0.702188 0.16642 -1.22579 0.499261
0.286432 0.27956 -0.962891 0.701092 0.168613 -1.22469 0.505839
0.291457 0.272982 -0.961795 0.699995 0.170805 -1.22359 0.512416
0.296482 0.266404 -0.960699 0.698899 0.172998 -1.2225 0.518994
0.301508 0.259826 -0.959602 0.697803 0.175191 -1.2214 0.525572
0.306533 0.253248 -0.958506 0.696706 0.177383 -1.22031 0.53215
0.311558 0.24667 -0.95741 0.69561 0.179576 -1.21921 0.538728
0.316583 0.240092 -0.956313 0.694514 0.181769 -1.21811 0.545306
0.321608 0.233515 -0.955217 0.693418 0.183961 -1.21702 0.551884
0.326633 0.226937 -0.954121 0.692321 0.186154 -1.21592 0.558462
0.331658 0.220359 -0.953024 0.691225 0.188346 -1.21482 0.565039
0.336683 0.213781 -0.951928 0.690129 0.190539 -1.21373 0.571617
0.341709 0.207203 -0.950832 0.689032 0.192732 -1.21263 0.578195
0.346734 0.200625 -0.949735 0.687936 0.194924 -1.21153 0.584773
0.351759 0.194047 -0.948639 0.68684 0.197117 -1.21044 0.591351
0.356784 0.187469 -0.947543 0.685743 0.19931 -1.20934 0.597929
0.361809 0.180892 -0.946446 0.684647 0.201502 -1.20825 0.604507
0.366834 0.174314 -0.94535 0.683551 0.203695 -1.20715 0.611085
0.371859 0.167736 -0.944254 0.682454 0.205887 -1.20605 0.617662
0.376884 0.161158 -0.943158 0.681358 0.20808 -1.20496 0.62424
0.38191 0.15458 -0.942061 0.680262 0.210273 -1.20386 0.630818
0.386935 0.148002 -0.940965 0.679165 0.212465 -1.20276 0.637396
0.39196 0.141424 -0.939869 0.678069 0.214658 -1.20167 0.643974
0.396985 0.134846 -0.938772 0.676973 0.216851 -1.20057 0.650552
0.40201 0.128269 -0.937676 0.675877 0.219043 -1.19948 0.65713
0.407035 0.121691 -0.93658 0.67478 0.221236 -1.19838 0.663707
0.41206 0.115113 -0.935483 0.673684 0.223428 -1.19728 0.670285
0.417085 0.108535 -0.934387 0.672588 0.225621 -1.19619 0.676863
0.422111 0.101957 -0.933291 0.671491 0.227814 -1.19509 0.683441
0.427136 0.0953792 -0.932194 0.670395 0.230006 -1.19399 0.690019
0.432161 0.0888013 -0.931098 0.669299 0.232199 -1.1929 0.696597
0.437186 0.0822234 -0.930002 0.668202 0.234392 -1.1918 0.703175
0.442211 0.0756456 -0.928905 0.667106 0.236584 -1.1907 0.709753
0.447236 0.0690677 -0.927809 0.66601 0.238777 -1.18961 0.71633
0.452261 0.0624898 -0.926713 0.664913 0.240969 -1.18851 0.722908
0.457286 0.0559119 -0.925617 0.663817 0.243162 -1.18742 0.729486
0.462312 0.0493341 -0.92452 0.662721 0.245355 -1.18632 0.736064
0.467337 0.0427562 -0.923424 0.661624 0.247547 -1.18522 0.742642
0.472362 0.0361783 -0.922328 0.660528 0.24974 -1.18413 0.74922
0.477387 0.0296004 -0.921231 0.659432 0.251933 -1.18303 0.755798
0.482412 0.0230226 -0.920135 0.658336 0.254125 -1.18193 0.762376
0.487437 0.0164447 -0.919039 0.657239 0.256318 -1.18084 0.768953
0.492462 0.00986681 -0.917942 0.656143 0.25851 -1.17974 0.775531
0.497487 0.00328894 -0.916846 0.655047 0.260703 -1.17865 0.782109
0.502513 -0.00328894 -0.91575 0.65395 0.262896 -1.17755 0.788687
0.507538 -0.00986681 -0.914653 0.652854 0.265088 -1.17645 0.795265
0.512563 -0.0164447 -0.913557 0.651758 0.267281 -1.17536 0.801843
0.517588 -0.0230226 -0.912461 0.650661 0.269474 -1.17426 0.808421
0.522613 -0.0296004 -0.911364 0.649565 0.271666 -1.17316 0.814999
0.527638 -0.0361783 -0.910268 0.648469 0.273859 -1.17207 0.821576
0.532663 -0.0427562 -0.909172 0.647372 0.276051 -1.17097 0.828154
0.537688 -0.0493341 -0.908076 0.646276 0.278244 -1.16987 0.834732
0.542714 -0.0559119 -0.906979 0.64518 0.280437 -1.16878 0.84131
0.547739 -0.0624898 -0.905883 0.644084 0.282629 -1.16768 0.847888
0.552764 -0.0690677 -0.904787 0.642987 0.284822 -1.16659 0.854466
0.557789 -0.0756456 -0.90369 0.641891 0.287015 -1.16549 0.861044
0.562814 -0.0822234 -0.902594 0.640795 0.289207 -1.16439 0.867622
0.567839 -0.0888013 -0.901498 0.639698 0.2914 -1.1633 0.874199
0.572864 -0.0953792 -0.900401 0.638602 0.293592 -1.1622 0.880777
0.577889 -0.101957 -0.899305 0.637506 0.295785 -1.1611 0.887355
0.582915 -0.108535 -0.898209 0.636409 0.297978 -1.16001 0.893933
0.58794 -0.115113 -0.897112 0.635313 0.30017 -1.15891 0.900511
0.592965 -0.121691 -0.896016 0.634217 0.302363 -1.15782 0.907089
0.59799 -0.128269 -0.89492 0.63312 0.304556 -1.15672 0.913667
0.603015 -0.134846 -0.893823 0.632024 0.306748 -1.15562 0.920245
0.60804 -0.141424 -0.892727 0.630928 0.308941 -1.15453 0.926822
0.613065 -0.148002 -0.891631 0.629831 0.311133 -1.15343 0.9334
0.61809 -0.15458 -0.890535 0.628735 0.313326 -1.15233 0.939978
0.623116 -0.161158 -0.889438 0.627639 0.315519 -1.15124 0.946556
0.628141 -0.167736 -0.888342 0.626543 0.317711 -1.15014 0.953134
0.633166 -0.174314 -0.887246 0.625446 0.319904 -1.14904 0.959712
0.638191 -0.180892 -0.886149 0.62435 0.322097 -1.14795 0.96629
0.643216 -0.187469 -0.885053 0.623254 0.324289 -1.14685 0.972868
0.648241 -0.194047 -0.883957 0.622157 0.326482 -1.14576 0.979445
0.653266 -0.200625 -0.88286 0.621061 0.328674 -1.14466 0.986023
0.658291 -0.207203 -0.881764 0.619965 0.330867 -1.14356 0.992601
0.663317 -0.213781 -0.880668 0.618868 0.33306 -1.14247 0.999179
0.668342 -0.220359 -0.879571 0.617772 0.335252 -1.14137 1.00576
0.673367 -0.226937 -0.878475 0.616676 0.337445 -1.14027 1.01233
0.678392 -0.233515 -0.877379 0.615579 0.339638 -1.13918 1.01891
0.683417 -0.240092 -0.876282 0.614483 0.34183 -1.13808 1.02549
0.688442 -0.24667 -0.875186 0.613387 0.344023 -1.13699 1.03207
0.693467 -0.253248 -0.87409 0.61229 0.346215 -1.13589 1.03865
0.698492 -0.259826 -0.872994 0.611194 0.348408 -1.13479 1.04522
0.703518 -0.266404 -0.871897 0.610098 0.350601 -1.1337 1.0518
0.708543 -0.272982 -0.870801 0.609002 0.352793 -1.1326 1.05838
0.713568 -0.27956 -0.869705 0.607905 0.354986 -1.1315 1.06496
0.718593 -0.286138 -0.868608 0.606809 0.357179 -1.13041 1.07154
0.723618 -0.292715 -0.867512 0.605713 0.359371 -1.12931 1.07811
0.728643 -0.299293 -0.866416 0.604616 0.361564 -1.12822 1.08469
0.733668 -0.305871 -0.865319 0.60352 0.363756 -1.12712 1.09127
0.738693 -0.312449 -0.864223 0.602424 0.365949 -1.12602 1.09785
0.743719 -0.319027 -0.863127 0.601327 0.368142 -1.12493 1.10443
0.748744 -0.325605 -0.86203 0.600231 0.370334 -1.12383 1.111
0.753769 -0.332183 -0.860934 0.599135 0.372527 -1.12273 1.11758
0.758794 -0.338761 -0.859838 0.598038 0.37472 -1.12164 1.12416
0.763819 -0.345338 -0.858741 0.596942 0.376912 -1.12054 1.13074
0.768844 -0.351916 -0.857645 0.595846 0.379105 -1.11944 1.13731
0.773869 -0.358494 -0.856549 0.594749 0.381297 -1.11835 1.14389
0.778894 -0.365072 -0.855453 0.593653 0.38349 -1.11725 1.15047
0.78392 -0.37165 -0.854356 0.592557 0.385683 -1.11616 1.15705
0.788945 -0.378228 -0.85326 0.591461 0.387875 -1.11506 1.16363
0.79397 -0.384806 -0.852164 0.590364 0.390068 -1.11396 1.1702
0.798995 -0.391384 -0.851067 0.589268 0.392261 -1.11287 1.17678
0.80402 -0.397961 -0.849971 0.588172 0.394453 -1.11177 1.18336
0.809045 -0.404539 -0.848875 0.587075 0.396646 -1.11067 1.18994
0.81407 -0.411117 -0.847778 0.585979 0.398839 -1.10958 1.19652
0.819095 -0.417696 -0.846682 0.584882 0.401031 -1.10848 1.20309
0.824121 -0.424276 -0.845585 0.583786 0.403225 -1.10738 1.20967
0.829146 -0.43086 -0.844488 0.582688 0.405419 -1.10629 1.21626
0.834171 -0.437449 -0.84339 0.58159 0.407616 -1.10519 1.22285
0.839196 -0.444047 -0.84229 0.580491 0.409815 -1.10409 1.22945
0.844221 -0.450658 -0.841188 0.579389 0.412019 -1.10299 1.23606
0.849246 -0.457289 -0.840083 0.578284 0.414229 -1.10188 1.24269
0.854271 -0.463946 -0.838974 0.577174 0.416448 -1.10077 1.24934
0.859296 -0.470638 -0.837858 0.576059 0.418679 -1.09966 1.25604
0.864322 -0.477376 -0.836735 0.574936 0.420925 -1.09853 1.26277
0.869347 -0.484171 -0.835603 0.573803 0.42319 -1.0974 1.26957
0.874372 -0.491038 -0.834458 0.572659 0.425479 -1.09626 1.27644
0.879397 -0.497989 -0.8333 0.5715 0.427796 -1.0951 1.28339
0.884422 -0.505041 -0.832124 0.570325 0.430146 -1.09392 1.29044
0.889447 -0.512209 -0.83093 0.56913 0.432536 -1.09273 1.29761
0.894472 -0.519512 -0.829713 0.567913 0.43497 -1.09151 1.30491
0.899497 -0.526965 -0.82847 0.566671 0.437454 -1.09027 1.31236
0.904523 -0.534589 -0.8272 0.5654 0.439996 -1.089 1.31999
0.909548 -0.5424 -0.825898 0.564098 0.442599 -1.0877 1.3278
0.914573 -0.55042 -0.824561 0.562762 0.445273 -1.08636 1.33582
0.919598 -0.55867 -0.823186 0.561387 0.448023 -1.08499 1.34407
0.924623 -0.567175 -0.821769 0.559969 0.450858 -1.08357 1.35257
0.929648 -0.575964 -0.820304 0.558504 0.453788 -1.0821 1.36136
0.934673 -0.585071 -0.818786 0.556987 0.456823 -1.08059 1.37047
0.939698 -0.594533 -0.817209 0.55541 0.459977 -1.07901 1.37993
0.944724 -0.604397 -0.815565 0.553766 0.463265 -1.07736 1.3898
0.949749 -0.614715 -0.813845 0.552046 0.466704 -1.07564 1.40011
0.954774 -0.625548 -0.81204 0.550241 0.470315 -1.07384 1.41095
0.959799 -0.636971 -0.810136 0.548337 0.474123 -1.07194 1.42237
0.964824 -0.649101 -0.808114 0.546315 0.478166 -1.06991 1.4345
0.969849 -0.662118 -0.805945 0.544145 0.482506 -1.06774 1.44752
0.974874 -0.676306 -0.80358 0.541781 0.487235 -1.06538 1.4617
0.979899 -0.692075 -0.800952 0.539153 0.492491 -1.06275 1.47747
0.984925 -0.709995 -0.797965 0.536166 0.498464 -1.05976 1.49539
0.98995 -0.730826 -0.794493 0.532694 0.505408 -1.05629 1.51622
0.994975 -0.75555 -0.790373 0.528573 0.513649 -1.05217 1.54095
1 -0.785398 -0.785398 0.523599 0.523599 -1.0472 1.5708
