# Cartesian Path Data
# Format: x y z rx ry rz (mm, rad)
966.827 -709.170 -508.417 1.767 -0.278 -1.600
1006.757 -663.913 -22.187 1.841 -0.834 -1.702
943.823 -685.238 118.882 0.109 -0.123 -0.677
802.871 -653.792 582.316 0.031 -0.244 -0.023
733.728 -647.694 749.000 -0.000 -0.000 0.249
735.566 -647.464 730.616 -0.000 -0.000 0.249
736.986 -647.287 712.292 -0.000 -0.000 0.249
737.991 -647.161 694.038 -0.000 -0.000 0.249
738.584 -647.087 675.863 -0.000 -0.000 0.249
738.770 -647.064 657.777 0.000 0.000 0.249
738.552 -647.091 639.789 0.000 0.000 0.249
737.934 -647.168 621.908 0.000 0.000 0.249
736.921 -647.295 604.144 -0.000 -0.000 0.249
735.518 -647.470 586.505 0.000 0.000 0.249
733.728 -647.694 569.000 -0.000 -0.000 0.249
737.156 -647.265 592.927 0.000 0.000 0.249
739.856 -646.928 617.157 -0.000 -0.000 0.249
741.815 -646.683 641.666 -0.000 -0.000 0.249
743.019 -646.532 666.430 -0.000 -0.000 0.249
743.455 -646.478 691.426 -0.000 -0.000 0.249
743.111 -646.521 716.630 0.000 0.000 0.249
741.977 -646.663 742.014 -0.000 -0.000 0.249
740.041 -646.905 767.555 -0.000 -0.000 0.249
737.295 -647.248 793.226 -0.000 -0.000 0.249
733.728 -647.694 819.000 -0.000 -0.000 0.249
675.818 -744.674 786.689 0.219 -0.187 0.254
1107.924 -176.386 545.624 1.525 -1.059 0.657
750.806 877.574 647.895 0.707 -0.896 2.969
79.514 754.339 -87.512 2.133 1.471 2.298
445.927 982.383 849.000 0.000 0.000 -2.498
445.190 984.593 830.333 0.000 0.000 -2.498
444.623 986.294 811.775 0.000 0.000 -2.498
444.223 987.493 793.341 0.000 0.000 -2.498
443.989 988.195 775.046 0.000 0.000 -2.498
443.919 988.407 756.904 0.000 0.000 -2.498
444.009 988.136 738.931 0.000 0.000 -2.498
444.258 987.390 721.141 0.000 0.000 -2.498
444.662 986.177 703.546 0.000 0.000 -2.498
445.219 984.505 686.162 0.000 0.000 -2.498
445.927 982.383 669.000 0.000 0.000 -2.498
444.588 986.399 692.326 -0.000 0.000 -2.498
443.528 989.579 716.119 0.000 0.000 -2.498
442.755 991.899 740.344 0.000 0.000 -2.498
442.275 993.338 764.969 0.000 0.000 -2.498
442.096 993.875 789.955 0.000 0.000 -2.498
442.225 993.490 815.267 0.000 0.000 -2.498
442.666 992.164 840.866 0.000 0.000 -2.498
443.428 989.881 866.715 0.000 0.000 -2.498
444.513 986.625 892.773 0.000 0.000 -2.498
445.927 982.383 919.000 0.000 0.000 -2.498
