# Palletizing Path Visualization Data
# Format: index q1 q2 q3 q4 q5 q6 (degrees)
0 0.0000 -90.0000 45.0000 0.0000 -45.0000 0.0000
1 -6.9467 -85.1573 39.3331 13.4234 -39.0044 12.4840
2 -1.3728 -81.2441 42.1171 33.0770 -46.9483 25.2421
3 18.9976 -78.1273 34.4630 41.4512 -46.9301 38.1836
4 37.2552 -73.8275 29.9344 44.2676 -44.3424 52.2804
5 55.4574 -70.0655 31.3396 47.6174 -39.8770 59.2341
6 61.5850 -68.2799 31.1020 47.1531 -38.1249 64.6917
7 74.0750 -64.9526 30.6191 42.9977 -36.7671 80.6118
8 89.9266 -63.1103 31.0323 39.4378 -26.8861 87.2119
9 90.0000 -60.0000 30.0000 45.0000 -30.0000 90.0000
