# Simplified Palletizing Trajectory
# q1 q2 q3 q4 q5 q6 (degrees)
0 -60 45 0 -75 0
2.8199 -59.624 45.752 0 -76.128 2.8199
5.98726 -59.2017 46.5966 0 -77.3949 5.98726
7.83305 -58.9556 47.0888 0 -78.1332 7.83305
10.1157 -58.6512 47.6975 0 -79.0463 10.1157
11.938 -58.4083 48.1835 0 -79.7752 11.938
13.4666 -58.2044 48.5911 0 -80.3867 13.4666
14.9907 -58.0012 48.9975 0 -80.9963 14.9907
16.4901 -57.8013 49.3974 0 -81.596 16.4901
17.9371 -57.6084 49.7832 0 -82.1749 17.9371
19.3122 -57.425 50.1499 0 -82.7249 19.3122
20.6304 -57.2493 50.5014 0 -83.2522 20.6304
21.9138 -57.0782 50.8437 0 -83.7655 21.9138
23.1801 -56.9093 51.1814 0 -84.2721 23.1801
24.46 -56.7387 51.5227 0 -84.784 24.46
25.7182 -56.5709 51.8582 0 -85.2873 25.7182
26.9088 -56.4122 52.1757 0 -85.7635 26.9088
28.0267 -56.2631 52.4738 0 -86.2107 28.0267
29.1162 -56.1178 52.7643 0 -86.6465 29.1162
30.2473 -55.967 53.066 0 -87.0989 30.2473
31.4398 -55.808 53.3839 0 -87.5759 31.4398
32.6669 -55.6444 53.7112 0 -88.0667 32.6669
33.8818 -55.4824 54.0352 0 -88.5527 33.8818
35.0444 -55.3274 54.3452 0 -89.0178 35.0444
36.1471 -55.1804 54.6392 0 -89.4588 36.1471
37.2375 -55.035 54.93 0 -89.895 37.2375
38.3786 -54.8828 55.2343 0 -90.3515 38.3786
39.5796 -54.7227 55.5545 0 -90.8318 39.5796
40.808 -54.5589 55.8821 0 -91.3232 40.808
42.0165 -54.3978 56.2044 0 -91.8066 42.0165
43.1684 -54.2442 56.5116 0 -92.2673 43.1684
44.2641 -54.0981 56.8038 0 -92.7056 44.2641
45.36 -53.952 57.096 0 -93.144 45.36
46.5134 -53.7982 57.4036 0 -93.6053 46.5134
47.7272 -53.6364 57.7273 0 -94.0909 47.7272
48.9702 -53.4706 58.0587 0 -94.5881 48.9702
50.2018 -53.3064 58.3872 0 -95.0807 50.2018
51.3973 -53.147 58.706 0 -95.5589 51.3973
52.5734 -52.9902 59.0196 0 -96.0294 52.5734
53.7867 -52.8284 59.3431 0 -96.5147 53.7867
55.0602 -52.6586 59.6827 0 -97.0241 55.0602
56.401 -52.4799 60.0403 0 -97.5604 56.401
57.8146 -52.2914 60.4172 0 -98.1258 57.8146
59.3302 -52.0893 60.8214 0 -98.7321 59.3302
60.9812 -51.8692 61.2616 0 -99.3925 60.9812
62.6995 -51.6401 61.7199 0 -100.08 62.6995
64.3221 -51.4237 62.1526 0 -100.729 64.3221
66.0836 -51.1888 62.6223 0 -101.433 66.0836
68.631 -50.8492 63.3016 0 -102.452 68.631
70.6371 -50.5817 63.8366 0 -103.255 70.6371
73.9748 -50.1367 64.7266 0 -104.59 73.9748
75 -50 65 0 -105 75
75.7314 -50.2903 64.7097 0 -104.419 75.7314
76.2994 -50.5158 64.4842 0 -103.968 76.2994
76.9356 -50.7683 64.2317 0 -103.463 76.9356
77.6041 -51.0337 63.9663 0 -102.933 77.6041
78.2288 -51.2817 63.7183 0 -102.437 78.2288
78.8109 -51.5128 63.4872 0 -101.974 78.8109
79.3742 -51.7364 63.2636 0 -101.527 79.3742
79.9194 -51.9528 63.0472 0 -101.094 79.9194
80.4456 -52.1617 62.8383 0 -100.677 80.4456
80.9418 -52.3586 62.6414 0 -100.283 80.9418
81.4194 -52.5483 62.4517 0 -99.9035 81.4194
81.8836 -52.7325 62.2675 0 -99.535 81.8836
82.3381 -52.9129 62.0871 0 -99.1741 82.3381
82.7839 -53.0899 61.9101 0 -98.8202 82.7839
83.2232 -53.2643 61.7357 0 -98.4714 83.2232
83.6581 -53.4369 61.5631 0 -98.1262 83.6581
84.0901 -53.6084 61.3916 0 -97.7832 84.0901
84.5206 -53.7793 61.2207 0 -97.4414 84.5206
84.9505 -53.95 61.05 0 -97.1001 84.9505
85.3806 -54.1207 60.8793 0 -96.7586 85.3806
85.8114 -54.2917 60.7083 0 -96.4166 85.8114
86.2432 -54.4631 60.5369 0 -96.0738 86.2432
86.6761 -54.6349 60.3651 0 -95.7301 86.6761
87.1101 -54.8072 60.1928 0 -95.3855 87.1101
87.5452 -54.9799 60.0201 0 -95.0401 87.5452
87.9811 -55.153 59.847 0 -94.694 87.9811
88.4178 -55.3263 59.6737 0 -94.3474 88.4178
88.8549 -55.4998 59.5002 0 -94.0003 88.8549
89.2924 -55.6735 59.3265 0 -93.653 89.2924
89.7302 -55.8473 59.1527 0 -93.3054 89.7302
90.1684 -56.0212 58.9788 0 -92.9575 90.1684
90.6073 -56.1954 58.8046 0 -92.6091 90.6073
91.0471 -56.3701 58.6299 0 -92.2599 91.0471
91.4887 -56.5453 58.4547 0 -91.9093 91.4887
91.9328 -56.7216 58.2784 0 -91.5567 91.9328
92.3808 -56.8995 58.1005 0 -91.2011 92.3808
92.8339 -57.0793 57.9207 0 -90.8413 92.8339
93.2942 -57.262 57.738 0 -90.4759 93.2942
93.7534 -57.4443 57.5557 0 -90.1114 93.7534
94.2227 -57.6306 57.3694 0 -89.7387 94.2227
94.7338 -57.8335 57.1665 0 -89.333 94.7338
95.256 -58.0408 56.9592 0 -88.9184 95.256
95.7931 -58.254 56.746 0 -88.492 95.7931
96.3571 -58.4779 56.5221 0 -88.0442 96.3571
96.9513 -58.7138 56.2862 0 -87.5724 96.9513
97.5655 -58.9576 56.0424 0 -87.0848 97.5655
98.1656 -59.1958 55.8042 0 -86.6084 98.1656
98.7391 -59.4234 55.5766 0 -86.1531 98.7391
99.3808 -59.6782 55.3218 0 -85.6436 99.3808
100.162 -59.9883 55.0117 0 -85.0235 100.162
100.192 -60 55 0 -85 100.192
99.4601 -59.7097 55.2903 0 -85.5807 99.4601
98.8921 -59.4842 55.5158 0 -86.0317 98.8921
98.256 -59.2317 55.7683 0 -86.5367 98.256
97.5874 -58.9663 56.0337 0 -87.0674 97.5874
96.9627 -58.7183 56.2817 0 -87.5634 96.9627
96.3806 -58.4872 56.5128 0 -88.0256 96.3806
95.8173 -58.2636 56.7364 0 -88.4727 95.8173
95.2721 -58.0472 56.9528 0 -88.9056 95.2721
94.7459 -57.8383 57.1617 0 -89.3234 94.7459
94.2497 -57.6414 57.3586 0 -89.7173 94.2497
93.7721 -57.4517 57.5483 0 -90.0965 93.7721
93.3079 -57.2675 57.7325 0 -90.465 93.3079
92.8534 -57.0871 57.9129 0 -90.8259 92.8534
92.4076 -56.9101 58.0899 0 -91.1798 92.4076
91.9683 -56.7357 58.2643 0 -91.5286 91.9683
91.5334 -56.5631 58.4369 0 -91.8738 91.5334
91.1014 -56.3916 58.6084 0 -92.2168 91.1014
90.6709 -56.2207 58.7793 0 -92.5586 90.6709
90.241 -56.05 58.95 0 -92.8999 90.241
89.8109 -55.8793 59.1207 0 -93.2414 89.8109
89.3801 -55.7083 59.2917 0 -93.5834 89.3801
88.9483 -55.5369 59.4631 0 -93.9262 88.9483
88.5154 -55.3651 59.6349 0 -94.2699 88.5154
88.0814 -55.1928 59.8072 0 -94.6145 88.0814
87.6463 -55.0201 59.9799 0 -94.9599 87.6463
87.2104 -54.847 60.153 0 -95.306 87.2104
86.7737 -54.6737 60.3263 0 -95.6526 86.7737
86.3366 -54.5002 60.4998 0 -95.9997 86.3366
85.8991 -54.3265 60.6735 0 -96.347 85.8991
85.4613 -54.1527 60.8473 0 -96.6946 85.4613
85.0231 -53.9788 61.0212 0 -97.0425 85.0231
84.5842 -53.8046 61.1954 0 -97.3909 84.5842
84.1444 -53.6299 61.3701 0 -97.7401 84.1444
83.7028 -53.4547 61.5453 0 -98.0907 83.7028
83.2587 -53.2784 61.7216 0 -98.4433 83.2587
82.8108 -53.1005 61.8995 0 -98.7989 82.8108
82.3576 -52.9207 62.0793 0 -99.1587 82.3576
81.8973 -52.738 62.262 0 -99.5241 81.8973
81.4381 -52.5557 62.4443 0 -99.8886 81.4381
80.9688 -52.3694 62.6306 0 -100.261 80.9688
80.4577 -52.1665 62.8335 0 -100.667 80.4577
79.9355 -51.9592 63.0408 0 -101.082 79.9355
79.3984 -51.746 63.254 0 -101.508 79.3984
78.8344 -51.5221 63.4779 0 -101.956 78.8344
78.2402 -51.2862 63.7138 0 -102.428 78.2402
77.626 -51.0424 63.9576 0 -102.915 77.626
77.0259 -50.8042 64.1958 0 -103.392 77.0259
76.4524 -50.5766 64.4234 0 -103.847 76.4524
75.8107 -50.3218 64.6782 0 -104.356 75.8107
75.0296 -50.0117 64.9883 0 -104.977 75.0296
75 -50 65 0 -105 75
75.0971 -50.202 64.798 0 -104.596 75.0971
75.1941 -50.4037 64.5963 0 -104.193 75.1941
75.291 -50.6051 64.3949 0 -103.79 75.291
75.3875 -50.8059 64.1941 0 -103.388 75.3875
75.4838 -51.0062 63.9938 0 -102.988 75.4838
75.5798 -51.2057 63.7943 0 -102.589 75.5798
75.6754 -51.4046 63.5954 0 -102.191 75.6754
75.7707 -51.6028 63.3972 0 -101.794 75.7707
75.8657 -51.8003 63.1997 0 -101.399 75.8657
75.9604 -51.9973 63.0027 0 -101.005 75.9604
76.0548 -52.1937 62.8063 0 -100.613 76.0548
76.1491 -52.3897 62.6103 0 -100.221 76.1491
76.2432 -52.5855 62.4145 0 -99.829 76.2432
76.3373 -52.781 62.219 0 -99.4379 76.3373
76.4313 -52.9765 62.0235 0 -99.0469 76.4313
76.5253 -53.1721 61.8279 0 -98.6558 76.5253
76.6194 -53.3678 61.6322 0 -98.2643 76.6194
76.7137 -53.5639 61.4361 0 -97.8723 76.7137
76.8082 -53.7603 61.2397 0 -97.4794 76.8082
76.9029 -53.9573 61.0427 0 -97.0854 76.9029
76.9978 -54.1548 60.8452 0 -96.6904 76.9978
77.0931 -54.353 60.647 0 -96.294 77.0931
77.1888 -54.5519 60.4481 0 -95.8963 77.1888
77.2847 -54.7514 60.2486 0 -95.4972 77.2847
77.381 -54.9516 60.0484 0 -95.0967 77.381
77.4776 -55.1525 59.8475 0 -94.6951 77.4776
77.5744 -55.3538 59.6462 0 -94.2923 77.5744
77.6714 -55.5556 59.4444 0 -93.8888 77.6714
77.7685 -55.7576 59.2424 0 -93.4848 77.7685
77.8657 -55.9596 59.0404 0 -93.0809 77.8657
77.9627 -56.1613 58.8387 0 -92.6774 77.9627
78.0595 -56.3627 58.6373 0 -92.2746 78.0595
78.1561 -56.5635 58.4365 0 -91.873 78.1561
78.2523 -56.7637 58.2363 0 -91.4725 78.2523
78.3483 -56.9633 58.0367 0 -91.0734 78.3483
78.4439 -57.1622 57.8378 0 -90.6757 78.4439
78.5392 -57.3603 57.6397 0 -90.2793 78.5392
78.6342 -57.5579 57.4421 0 -89.8842 78.6342
78.7289 -57.7548 57.2452 0 -89.4903 78.7289
78.8234 -57.9513 57.0487 0 -89.0974 78.8234
78.9176 -58.1473 56.8527 0 -88.7054 78.9176
79.0118 -58.3431 56.6569 0 -88.3139 79.0118
79.1058 -58.5386 56.4614 0 -87.9228 79.1058
79.1998 -58.7341 56.2659 0 -87.5318 79.1998
79.2938 -58.9297 56.0703 0 -87.1407 79.2938
79.388 -59.1254 55.8746 0 -86.7492 79.388
79.4822 -59.3214 55.6786 0 -86.3571 79.4822
79.5767 -59.5179 55.4821 0 -85.9642 79.5767
79.6714 -59.7149 55.2851 0 -85.5703 79.6714
79.7664 -59.9124 55.0876 0 -85.1752 79.7664
79.8085 -60 55 0 -85 79.8085
79.7114 -59.798 55.202 0 -85.404 79.7114
79.6144 -59.5963 55.4037 0 -85.8075 79.6144
79.5175 -59.3949 55.6051 0 -86.2102 79.5175
79.421 -59.1941 55.8059 0 -86.6119 79.421
79.3247 -58.9938 56.0062 0 -87.0123 79.3247
79.2287 -58.7943 56.2057 0 -87.4114 79.2287
79.1331 -58.5954 56.4046 0 -87.8092 79.1331
79.0378 -58.3972 56.6028 0 -88.2055 79.0378
78.9428 -58.1997 56.8003 0 -88.6006 78.9428
78.8481 -58.0027 56.9973 0 -88.9945 78.8481
78.7537 -57.8063 57.1937 0 -89.3874 78.7537
78.6594 -57.6103 57.3897 0 -89.7795 78.6594
78.5653 -57.4145 57.5855 0 -90.171 78.5653
78.4712 -57.219 57.781 0 -90.5621 78.4712
78.3772 -57.0235 57.9765 0 -90.9531 78.3772
78.2832 -56.8279 58.1721 0 -91.3442 78.2832
78.1891 -56.6322 58.3678 0 -91.7357 78.1891
78.0948 -56.4361 58.5639 0 -92.1277 78.0948
78.0003 -56.2397 58.7603 0 -92.5206 78.0003
77.9056 -56.0427 58.9573 0 -92.9146 77.9056
77.8107 -55.8452 59.1548 0 -93.3096 77.8107
77.7154 -55.647 59.353 0 -93.706 77.7154
77.6197 -55.4481 59.5519 0 -94.1037 77.6197
77.5238 -55.2486 59.7514 0 -94.5028 77.5238
77.4275 -55.0484 59.9516 0 -94.9033 77.4275
77.3309 -54.8475 60.1525 0 -95.3049 77.3309
77.2341 -54.6462 60.3538 0 -95.7077 77.2341
77.1371 -54.4444 60.5556 0 -96.1112 77.1371
77.04 -54.2424 60.7576 0 -96.5152 77.04
76.9428 -54.0404 60.9596 0 -96.9191 76.9428
76.8458 -53.8387 61.1613 0 -97.3226 76.8458
76.749 -53.6373 61.3627 0 -97.7254 76.749
76.6524 -53.4365 61.5635 0 -98.127 76.6524
76.5562 -53.2363 61.7637 0 -98.5275 76.5562
76.4602 -53.0367 61.9633 0 -98.9266 76.4602
76.3646 -52.8378 62.1622 0 -99.3243 76.3646
76.2693 -52.6397 62.3603 0 -99.7207 76.2693
76.1743 -52.4421 62.5579 0 -100.116 76.1743
76.0796 -52.2452 62.7548 0 -100.51 76.0796
75.9851 -52.0487 62.9513 0 -100.903 75.9851
75.8909 -51.8527 63.1473 0 -101.295 75.8909
75.7967 -51.6569 63.3431 0 -101.686 75.7967
75.7027 -51.4614 63.5386 0 -102.077 75.7027
75.6087 -51.2659 63.7341 0 -102.468 75.6087
75.5147 -51.0703 63.9297 0 -102.859 75.5147
75.4205 -50.8746 64.1254 0 -103.251 75.4205
75.3263 -50.6786 64.3214 0 -103.643 75.3263
75.2318 -50.4821 64.5179 0 -104.036 75.2318
75.1371 -50.2851 64.7149 0 -104.43 75.1371
75.0421 -50.0876 64.9124 0 -104.825 75.0421
75 -50 65 0 -105 75
75.4436 -50.202 64.798 0 -104.596 75.4436
75.8868 -50.4038 64.5962 0 -104.192 75.8868
76.3292 -50.6052 64.3948 0 -103.79 76.3292
76.7706 -50.8061 64.1939 0 -103.388 76.7706
77.2107 -51.0065 63.9935 0 -102.987 77.2107
77.6494 -51.2063 63.7937 0 -102.587 77.6494
78.0867 -51.4054 63.5946 0 -102.189 78.0867
78.5226 -51.6039 63.3961 0 -101.792 78.5226
78.9572 -51.8017 63.1983 0 -101.397 78.9572
79.3905 -51.999 63.001 0 -101.002 79.3905
79.8227 -52.1958 62.8042 0 -100.608 79.8227
80.2541 -52.3922 62.6078 0 -100.216 80.2541
80.6847 -52.5882 62.4118 0 -99.8235 80.6847
81.1148 -52.7841 62.2159 0 -99.4319 81.1148
81.5447 -52.9798 62.0202 0 -99.0404 81.5447
81.9746 -53.1755 61.8245 0 -98.649 81.9746
82.4047 -53.3714 61.6286 0 -98.2573 82.4047
82.8353 -53.5674 61.4326 0 -97.8652 82.8353
83.2666 -53.7638 61.2362 0 -97.4724 83.2666
83.6988 -53.9606 61.0394 0 -97.0788 83.6988
84.1322 -54.1579 60.8421 0 -96.6842 84.1322
84.5667 -54.3557 60.6443 0 -96.2885 84.5667
85.0026 -54.5542 60.4458 0 -95.8916 85.0026
85.44 -54.7533 60.2467 0 -95.4933 85.44
85.8787 -54.9531 60.0469 0 -95.0938 85.8787
86.3188 -55.1535 59.8465 0 -94.6931 86.3188
86.7601 -55.3544 59.6456 0 -94.2912 86.7601
87.2025 -55.5558 59.4442 0 -93.8883 87.2025
87.6457 -55.7576 59.2424 0 -93.4848 87.6457
88.0893 -55.9596 59.0404 0 -93.0808 88.0893
88.533 -56.1616 58.8384 0 -92.6768 88.533
88.9762 -56.3634 58.6366 0 -92.2733 88.9762
89.4186 -56.5648 58.4352 0 -91.8704 89.4186
89.8599 -56.7657 58.2343 0 -91.4685 89.8599
90.3 -56.9661 58.0339 0 -91.0678 90.3
90.7387 -57.1659 57.8341 0 -90.6683 90.7387
91.176 -57.365 57.635 0 -90.27 91.176
91.612 -57.5634 57.4366 0 -89.8731 91.612
92.0465 -57.7613 57.2387 0 -89.4774 92.0465
92.4798 -57.9586 57.0414 0 -89.0828 92.4798
92.9121 -58.1554 56.8446 0 -88.6892 92.9121
93.3434 -58.3518 56.6482 0 -88.2965 93.3434
93.774 -58.5478 56.4522 0 -87.9043 93.774
94.2041 -58.7437 56.2563 0 -87.5127 94.2041
94.634 -58.9394 56.0606 0 -87.1212 94.634
95.0639 -59.1351 55.8649 0 -86.7298 95.0639
95.494 -59.331 55.669 0 -86.3381 95.494
95.9246 -59.527 55.473 0 -85.946 95.9246
96.3559 -59.7234 55.2766 0 -85.5532 96.3559
96.7882 -59.9202 55.0798 0 -85.1596 96.7882
96.9635 -60 55 0 -85 96.9635
96.5198 -59.798 55.202 0 -85.404 96.5198
96.0766 -59.5962 55.4038 0 -85.8075 96.0766
95.6342 -59.3948 55.6052 0 -86.2104 95.6342
95.1929 -59.1939 55.8061 0 -86.6123 95.1929
94.7528 -58.9935 56.0065 0 -87.013 94.7528
94.3141 -58.7937 56.2063 0 -87.4125 94.3141
93.8768 -58.5946 56.4054 0 -87.8108 93.8768
93.4409 -58.3961 56.6039 0 -88.2077 93.4409
93.0063 -58.1983 56.8017 0 -88.6034 93.0063
92.573 -58.001 56.999 0 -88.998 92.573
92.1407 -57.8042 57.1958 0 -89.3916 92.1407
91.7094 -57.6078 57.3922 0 -89.7844 91.7094
91.2788 -57.4118 57.5882 0 -90.1765 91.2788
90.8487 -57.2159 57.7841 0 -90.5681 90.8487
90.4188 -57.0202 57.9798 0 -90.9596 90.4188
89.9889 -56.8245 58.1755 0 -91.351 89.9889
89.5588 -56.6286 58.3714 0 -91.7427 89.5588
89.1282 -56.4326 58.5674 0 -92.1348 89.1282
88.6969 -56.2362 58.7638 0 -92.5276 88.6969
88.2646 -56.0394 58.9606 0 -92.9212 88.2646
87.8313 -55.8421 59.1579 0 -93.3158 87.8313
87.3967 -55.6443 59.3557 0 -93.7115 87.3967
86.9608 -55.4458 59.5542 0 -94.1084 86.9608
86.5235 -55.2467 59.7533 0 -94.5067 86.5235
86.0848 -55.0469 59.9531 0 -94.9062 86.0848
85.6447 -54.8465 60.1535 0 -95.3069 85.6447
85.2033 -54.6456 60.3544 0 -95.7088 85.2033
84.7609 -54.4442 60.5558 0 -96.1117 84.7609
84.3178 -54.2424 60.7576 0 -96.5152 84.3178
83.8741 -54.0404 60.9596 0 -96.9192 83.8741
83.4305 -53.8384 61.1616 0 -97.3232 83.4305
82.9873 -53.6366 61.3634 0 -97.7267 82.9873
82.5449 -53.4352 61.5648 0 -98.1296 82.5449
82.1036 -53.2343 61.7657 0 -98.5315 82.1036
81.6635 -53.0339 61.9661 0 -98.9322 81.6635
81.2247 -52.8341 62.1659 0 -99.3317 81.2247
80.7874 -52.635 62.365 0 -99.73 80.7874
80.3515 -52.4366 62.5634 0 -100.127 80.3515
79.917 -52.2387 62.7613 0 -100.523 79.917
79.4836 -52.0414 62.9586 0 -100.917 79.4836
79.0514 -51.8446 63.1554 0 -101.311 79.0514
78.6201 -51.6482 63.3518 0 -101.704 78.6201
78.1895 -51.4522 63.5478 0 -102.096 78.1895
77.7593 -51.2563 63.7437 0 -102.487 77.7593
77.3295 -51.0606 63.9394 0 -102.879 77.3295
76.8996 -50.8649 64.1351 0 -103.27 76.8996
76.4695 -50.669 64.331 0 -103.662 76.4695
76.0388 -50.473 64.527 0 -104.054 76.0388
75.6075 -50.2766 64.7234 0 -104.447 75.6075
75.1753 -50.0798 64.9202 0 -104.84 75.1753
75 -50 65 0 -105 75
75.1623 -50.202 64.798 0 -104.596 75.1623
75.3245 -50.4037 64.5963 0 -104.193 75.3245
75.4863 -50.6051 64.3949 0 -103.79 75.4863
75.6477 -50.8059 64.1941 0 -103.388 75.6477
75.8086 -51.0062 63.9938 0 -102.988 75.8086
75.969 -51.2057 63.7943 0 -102.589 75.969
76.1288 -51.4046 63.5954 0 -102.191 76.1288
76.2881 -51.6028 63.3972 0 -101.794 76.2881
76.4468 -51.8003 63.1997 0 -101.399 76.4468
76.6051 -51.9973 63.0027 0 -101.005 76.6051
76.763 -52.1937 62.8063 0 -100.613 76.763
76.9205 -52.3897 62.6103 0 -100.221 76.9205
77.0778 -52.5855 62.4145 0 -99.829 77.0778
77.235 -52.781 62.219 0 -99.4379 77.235
77.3921 -52.9765 62.0235 0 -99.0469 77.3921
77.5493 -53.1721 61.8279 0 -98.6558 77.5493
77.7066 -53.3678 61.6322 0 -98.2643 77.7066
77.8641 -53.5639 61.4361 0 -97.8723 77.8641
78.022 -53.7603 61.2397 0 -97.4794 78.022
78.1803 -53.9573 61.0427 0 -97.0854 78.1803
78.339 -54.1548 60.8452 0 -96.6904 78.339
78.4983 -54.353 60.647 0 -96.294 78.4983
78.6581 -54.5519 60.4481 0 -95.8963 78.6581
78.8185 -54.7514 60.2486 0 -95.4972 78.8185
78.9794 -54.9516 60.0484 0 -95.0967 78.9794
79.1408 -55.1525 59.8475 0 -94.6951 79.1408
79.3026 -55.3538 59.6462 0 -94.2923 79.3026
79.4648 -55.5556 59.4444 0 -93.8888 79.4648
79.6271 -55.7576 59.2424 0 -93.4848 79.6271
79.7894 -55.9596 59.0404 0 -93.0809 79.7894
79.9516 -56.1613 58.8387 0 -92.6774 79.9516
80.1134 -56.3627 58.6373 0 -92.2746 80.1134
80.2748 -56.5635 58.4365 0 -91.873 80.2748
80.4357 -56.7637 58.2363 0 -91.4725 80.4357
80.5961 -56.9633 58.0367 0 -91.0734 80.5961
80.7559 -57.1622 57.8378 0 -90.6757 80.7559
80.9152 -57.3603 57.6397 0 -90.2793 80.9152
81.0739 -57.5579 57.4421 0 -89.8842 81.0739
81.2322 -57.7548 57.2452 0 -89.4903 81.2322
81.3901 -57.9513 57.0487 0 -89.0974 81.3901
81.5476 -58.1473 56.8527 0 -88.7054 81.5476
81.7049 -58.3431 56.6569 0 -88.3139 81.7049
81.8621 -58.5386 56.4614 0 -87.9228 81.8621
82.0192 -58.7341 56.2659 0 -87.5318 82.0192
82.1764 -58.9297 56.0703 0 -87.1407 82.1764
82.3337 -59.1254 55.8746 0 -86.7492 82.3337
82.4912 -59.3214 55.6786 0 -86.3571 82.4912
82.6491 -59.5179 55.4821 0 -85.9642 82.6491
82.8074 -59.7149 55.2851 0 -85.5703 82.8074
82.9661 -59.9124 55.0876 0 -85.1752 82.9661
83.0365 -60 55 0 -85 83.0365
82.8742 -59.798 55.202 0 -85.404 82.8742
82.7121 -59.5963 55.4037 0 -85.8075 82.7121
82.5502 -59.3949 55.6051 0 -86.2102 82.5502
82.3888 -59.1941 55.8059 0 -86.6119 82.3888
82.2279 -58.9938 56.0062 0 -87.0123 82.2279
82.0675 -58.7943 56.2057 0 -87.4114 82.0675
81.9077 -58.5954 56.4046 0 -87.8092 81.9077
81.7485 -58.3972 56.6028 0 -88.2055 81.7485
81.5897 -58.1997 56.8003 0 -88.6006 81.5897
81.4314 -58.0027 56.9973 0 -88.9945 81.4314
81.2736 -57.8063 57.1937 0 -89.3874 81.2736
81.116 -57.6103 57.3897 0 -89.7795 81.116
80.9587 -57.4145 57.5855 0 -90.171 80.9587
80.8015 -57.219 57.781 0 -90.5621 80.8015
80.6444 -57.0235 57.9765 0 -90.9531 80.6444
80.4873 -56.8279 58.1721 0 -91.3442 80.4873
80.33 -56.6322 58.3678 0 -91.7357 80.33
80.1724 -56.4361 58.5639 0 -92.1277 80.1724
80.0145 -56.2397 58.7603 0 -92.5206 80.0145
79.8563 -56.0427 58.9573 0 -92.9146 79.8563
79.6975 -55.8452 59.1548 0 -93.3096 79.6975
79.5382 -55.647 59.353 0 -93.706 79.5382
79.3784 -55.4481 59.5519 0 -94.1037 79.3784
79.218 -55.2486 59.7514 0 -94.5028 79.218
79.0571 -55.0484 59.9516 0 -94.9033 79.0571
78.8957 -54.8475 60.1525 0 -95.3049 78.8957
78.7339 -54.6462 60.3538 0 -95.7077 78.7339
78.5718 -54.4444 60.5556 0 -96.1112 78.5718
78.4094 -54.2424 60.7576 0 -96.5152 78.4094
78.2471 -54.0404 60.9596 0 -96.9191 78.2471
78.085 -53.8387 61.1613 0 -97.3226 78.085
77.9231 -53.6373 61.3627 0 -97.7254 77.9231
77.7617 -53.4365 61.5635 0 -98.127 77.7617
77.6008 -53.2363 61.7637 0 -98.5275 77.6008
77.4405 -53.0367 61.9633 0 -98.9266 77.4405
77.2806 -52.8378 62.1622 0 -99.3243 77.2806
77.1214 -52.6397 62.3603 0 -99.7207 77.1214
76.9626 -52.4421 62.5579 0 -100.116 76.9626
76.8043 -52.2452 62.7548 0 -100.51 76.8043
76.6465 -52.0487 62.9513 0 -100.903 76.6465
76.4889 -51.8527 63.1473 0 -101.295 76.4889
76.3316 -51.6569 63.3431 0 -101.686 76.3316
76.1744 -51.4614 63.5386 0 -102.077 76.1744
76.0173 -51.2659 63.7341 0 -102.468 76.0173
75.8602 -51.0703 63.9297 0 -102.859 75.8602
75.7029 -50.8746 64.1254 0 -103.251 75.7029
75.5453 -50.6786 64.3214 0 -103.643 75.5453
75.3874 -50.4821 64.5179 0 -104.036 75.3874
75.2292 -50.2851 64.7149 0 -104.43 75.2292
75.0704 -50.0876 64.9124 0 -104.825 75.0704
75 -50 65 0 -105 75
75.7314 -50.0581 64.5935 0 -104.419 75.7314
76.2994 -50.1032 64.2778 0 -103.968 76.2994
76.9356 -50.1537 63.9243 0 -103.463 76.9356
77.6041 -50.2067 63.5528 0 -102.933 77.6041
78.2288 -50.2563 63.2056 0 -102.437 78.2288
78.8109 -50.3026 62.8821 0 -101.974 78.8109
79.3742 -50.3473 62.5691 0 -101.527 79.3742
79.9194 -50.3906 62.2661 0 -101.094 79.9194
80.4456 -50.4323 61.9736 0 -100.677 80.4456
80.9418 -50.4717 61.6979 0 -100.283 80.9418
81.4194 -50.5097 61.4324 0 -99.9035 81.4194
81.8836 -50.5465 61.1745 0 -99.535 81.8836
82.3381 -50.5826 60.9219 0 -99.1741 82.3381
82.7839 -50.618 60.6742 0 -98.8202 82.7839
83.2232 -50.6529 60.43 0 -98.4714 83.2232
83.6581 -50.6874 60.1883 0 -98.1262 83.6581
84.0901 -50.7217 59.9482 0 -97.7832 84.0901
84.5206 -50.7559 59.709 0 -97.4414 84.5206
84.9505 -50.79 59.4701 0 -97.1001 84.9505
85.3806 -50.8241 59.231 0 -96.7586 85.3806
85.8114 -50.8583 58.9916 0 -96.4166 85.8114
86.2432 -50.8926 58.7517 0 -96.0738 86.2432
86.6761 -50.927 58.5111 0 -95.7301 86.6761
87.1101 -50.9614 58.2699 0 -95.3855 87.1101
87.5452 -50.996 58.0281 0 -95.0401 87.5452
87.9811 -51.0306 57.7858 0 -94.694 87.9811
88.4178 -51.0653 57.5432 0 -94.3474 88.4178
88.8549 -51.1 57.3002 0 -94.0003 88.8549
89.2924 -51.1347 57.0571 0 -93.653 89.2924
89.7302 -51.1695 56.8138 0 -93.3054 89.7302
90.1684 -51.2042 56.5703 0 -92.9575 90.1684
90.6073 -51.2391 56.3264 0 -92.6091 90.6073
91.0471 -51.274 56.0819 0 -92.2599 91.0471
91.4887 -51.3091 55.8365 0 -91.9093 91.4887
91.9328 -51.3443 55.5897 0 -91.5567 91.9328
92.3808 -51.3799 55.3408 0 -91.2011 92.3808
92.8339 -51.4159 55.0889 0 -90.8413 92.8339
93.2942 -51.4524 54.8331 0 -90.4759 93.2942
93.7534 -51.4889 54.5779 0 -90.1114 93.7534
94.2227 -51.5261 54.3171 0 -89.7387 94.2227
94.7338 -51.5667 54.0331 0 -89.333 94.7338
95.256 -51.6082 53.7429 0 -88.9184 95.256
95.7931 -51.6508 53.4444 0 -88.492 95.7931
96.3571 -51.6956 53.1309 0 -88.0442 96.3571
96.9513 -51.7428 52.8007 0 -87.5724 96.9513
97.5655 -51.7915 52.4594 0 -87.0848 97.5655
98.1656 -51.8392 52.1259 0 -86.6084 98.1656
98.7391 -51.8847 51.8072 0 -86.1531 98.7391
99.3808 -51.9356 51.4505 0 -85.6436 99.3808
100.162 -51.9977 51.0164 0 -85.0235 100.162
100.192 -52 51 0 -85 100.192
99.4601 -51.9419 51.4065 0 -85.5807 99.4601
98.8921 -51.8968 51.7222 0 -86.0317 98.8921
98.256 -51.8463 52.0757 0 -86.5367 98.256
97.5874 -51.7933 52.4472 0 -87.0674 97.5874
96.9627 -51.7437 52.7944 0 -87.5634 96.9627
96.3806 -51.6974 53.1179 0 -88.0256 96.3806
95.8173 -51.6527 53.4309 0 -88.4727 95.8173
95.2721 -51.6094 53.7339 0 -88.9056 95.2721
94.7459 -51.5677 54.0264 0 -89.3234 94.7459
94.2497 -51.5283 54.3021 0 -89.7173 94.2497
93.7721 -51.4903 54.5676 0 -90.0965 93.7721
93.3079 -51.4535 54.8255 0 -90.465 93.3079
92.8534 -51.4174 55.0781 0 -90.8259 92.8534
92.4076 -51.382 55.3258 0 -91.1798 92.4076
91.9683 -51.3471 55.57 0 -91.5286 91.9683
91.5334 -51.3126 55.8117 0 -91.8738 91.5334
91.1014 -51.2783 56.0518 0 -92.2168 91.1014
90.6709 -51.2441 56.291 0 -92.5586 90.6709
90.241 -51.21 56.5299 0 -92.8999 90.241
89.8109 -51.1759 56.769 0 -93.2414 89.8109
89.3801 -51.1417 57.0084 0 -93.5834 89.3801
88.9483 -51.1074 57.2483 0 -93.9262 88.9483
88.5154 -51.073 57.4889 0 -94.2699 88.5154
88.0814 -51.0386 57.7301 0 -94.6145 88.0814
87.6463 -51.004 57.9719 0 -94.9599 87.6463
87.2104 -50.9694 58.2142 0 -95.306 87.2104
86.7737 -50.9347 58.4568 0 -95.6526 86.7737
86.3366 -50.9 58.6998 0 -95.9997 86.3366
85.8991 -50.8653 58.9429 0 -96.347 85.8991
85.4613 -50.8305 59.1862 0 -96.6946 85.4613
85.0231 -50.7958 59.4297 0 -97.0425 85.0231
84.5842 -50.7609 59.6736 0 -97.3909 84.5842
84.1444 -50.726 59.9181 0 -97.7401 84.1444
83.7028 -50.6909 60.1635 0 -98.0907 83.7028
83.2587 -50.6557 60.4103 0 -98.4433 83.2587
82.8108 -50.6201 60.6592 0 -98.7989 82.8108
82.3576 -50.5841 60.9111 0 -99.1587 82.3576
81.8973 -50.5476 61.1669 0 -99.5241 81.8973
81.4381 -50.5111 61.4221 0 -99.8886 81.4381
80.9688 -50.4739 61.6829 0 -100.261 80.9688
80.4577 -50.4333 61.9669 0 -100.667 80.4577
79.9355 -50.3918 62.2571 0 -101.082 79.9355
79.3984 -50.3492 62.5556 0 -101.508 79.3984
78.8344 -50.3044 62.8691 0 -101.956 78.8344
78.2402 -50.2572 63.1993 0 -102.428 78.2402
77.626 -50.2085 63.5406 0 -102.915 77.626
77.0259 -50.1608 63.8741 0 -103.392 77.0259
76.4524 -50.1153 64.1928 0 -103.847 76.4524
75.8107 -50.0644 64.5495 0 -104.356 75.8107
75.0296 -50.0023 64.9836 0 -104.977 75.0296
75 -50 65 0 -105 75
75.0971 -50.0404 64.7172 0 -104.596 75.0971
75.1941 -50.0807 64.4348 0 -104.193 75.1941
75.291 -50.121 64.1528 0 -103.79 75.291
75.3875 -50.1612 63.8717 0 -103.388 75.3875
75.4838 -50.2012 63.5914 0 -102.988 75.4838
75.5798 -50.2411 63.312 0 -102.589 75.5798
75.6754 -50.2809 63.0336 0 -102.191 75.6754
75.7707 -50.3206 62.7561 0 -101.794 75.7707
75.8657 -50.3601 62.4796 0 -101.399 75.8657
75.9604 -50.3995 62.2038 0 -101.005 75.9604
76.0548 -50.4387 61.9288 0 -100.613 76.0548
76.1491 -50.4779 61.6544 0 -100.221 76.1491
76.2432 -50.5171 61.3803 0 -99.829 76.2432
76.3373 -50.5562 61.1065 0 -99.4379 76.3373
76.4313 -50.5953 60.8329 0 -99.0469 76.4313
76.5253 -50.6344 60.5591 0 -98.6558 76.5253
76.6194 -50.6736 60.285 0 -98.2643 76.6194
76.7137 -50.7128 60.0106 0 -97.8723 76.7137
76.8082 -50.7521 59.7355 0 -97.4794 76.8082
76.9029 -50.7915 59.4598 0 -97.0854 76.9029
76.9978 -50.831 59.1833 0 -96.6904 76.9978
77.0931 -50.8706 58.9058 0 -96.294 77.0931
77.1888 -50.9104 58.6274 0 -95.8963 77.1888
77.2847 -50.9503 58.348 0 -95.4972 77.2847
77.381 -50.9903 58.0677 0 -95.0967 77.381
77.4776 -51.0305 57.7865 0 -94.6951 77.4776
77.5744 -51.0708 57.5046 0 -94.2923 77.5744
77.6714 -51.1111 57.2222 0 -93.8888 77.6714
77.7685 -51.1515 56.9394 0 -93.4848 77.7685
77.8657 -51.1919 56.6566 0 -93.0809 77.8657
77.9627 -51.2323 56.3742 0 -92.6774 77.9627
78.0595 -51.2725 56.0922 0 -92.2746 78.0595
78.1561 -51.3127 55.8111 0 -91.873 78.1561
78.2523 -51.3527 55.5308 0 -91.4725 78.2523
78.3483 -51.3927 55.2514 0 -91.0734 78.3483
78.4439 -51.4324 54.973 0 -90.6757 78.4439
78.5392 -51.4721 54.6955 0 -90.2793 78.5392
78.6342 -51.5116 54.419 0 -89.8842 78.6342
78.7289 -51.551 54.1432 0 -89.4903 78.7289
78.8234 -51.5903 53.8682 0 -89.0974 78.8234
78.9176 -51.6295 53.5938 0 -88.7054 78.9176
79.0118 -51.6686 53.3197 0 -88.3139 79.0118
79.1058 -51.7077 53.0459 0 -87.9228 79.1058
79.1998 -51.7468 52.7722 0 -87.5318 79.1998
79.2938 -51.7859 52.4985 0 -87.1407 79.2938
79.388 -51.8251 52.2244 0 -86.7492 79.388
79.4822 -51.8643 51.95 0 -86.3571 79.4822
79.5767 -51.9036 51.6749 0 -85.9642 79.5767
79.6714 -51.943 51.3992 0 -85.5703 79.6714
79.7664 -51.9825 51.1227 0 -85.1752 79.7664
79.8085 -52 51 0 -85 79.8085
79.7114 -51.9596 51.2828 0 -85.404 79.7114
79.6144 -51.9193 51.5652 0 -85.8075 79.6144
79.5175 -51.879 51.8472 0 -86.2102 79.5175
79.421 -51.8388 52.1283 0 -86.6119 79.421
79.3247 -51.7988 52.4086 0 -87.0123 79.3247
79.2287 -51.7589 52.688 0 -87.4114 79.2287
79.1331 -51.7191 52.9664 0 -87.8092 79.1331
79.0378 -51.6794 53.2439 0 -88.2055 79.0378
78.9428 -51.6399 53.5204 0 -88.6006 78.9428
78.8481 -51.6005 53.7962 0 -88.9945 78.8481
78.7537 -51.5613 54.0712 0 -89.3874 78.7537
78.6594 -51.5221 54.3456 0 -89.7795 78.6594
78.5653 -51.4829 54.6197 0 -90.171 78.5653
78.4712 -51.4438 54.8935 0 -90.5621 78.4712
78.3772 -51.4047 55.1671 0 -90.9531 78.3772
78.2832 -51.3656 55.4409 0 -91.3442 78.2832
78.1891 -51.3264 55.715 0 -91.7357 78.1891
78.0948 -51.2872 55.9894 0 -92.1277 78.0948
78.0003 -51.2479 56.2645 0 -92.5206 78.0003
77.9056 -51.2085 56.5402 0 -92.9146 77.9056
77.8107 -51.169 56.8167 0 -93.3096 77.8107
77.7154 -51.1294 57.0942 0 -93.706 77.7154
77.6197 -51.0896 57.3726 0 -94.1037 77.6197
77.5238 -51.0497 57.652 0 -94.5028 77.5238
77.4275 -51.0097 57.9323 0 -94.9033 77.4275
77.3309 -50.9695 58.2135 0 -95.3049 77.3309
77.2341 -50.9292 58.4954 0 -95.7077 77.2341
77.1371 -50.8889 58.7778 0 -96.1112 77.1371
77.04 -50.8485 59.0606 0 -96.5152 77.04
76.9428 -50.8081 59.3434 0 -96.9191 76.9428
76.8458 -50.7677 59.6258 0 -97.3226 76.8458
76.749 -50.7275 59.9078 0 -97.7254 76.749
76.6524 -50.6873 60.1889 0 -98.127 76.6524
76.5562 -50.6473 60.4692 0 -98.5275 76.5562
76.4602 -50.6073 60.7486 0 -98.9266 76.4602
76.3646 -50.5676 61.027 0 -99.3243 76.3646
76.2693 -50.5279 61.3045 0 -99.7207 76.2693
76.1743 -50.4884 61.581 0 -100.116 76.1743
76.0796 -50.449 61.8568 0 -100.51 76.0796
75.9851 -50.4097 62.1318 0 -100.903 75.9851
75.8909 -50.3705 62.4062 0 -101.295 75.8909
75.7967 -50.3314 62.6803 0 -101.686 75.7967
75.7027 -50.2923 62.9541 0 -102.077 75.7027
75.6087 -50.2532 63.2278 0 -102.468 75.6087
75.5147 -50.2141 63.5015 0 -102.859 75.5147
75.4205 -50.1749 63.7756 0 -103.251 75.4205
75.3263 -50.1357 64.05 0 -103.643 75.3263
75.2318 -50.0964 64.3251 0 -104.036 75.2318
75.1371 -50.057 64.6008 0 -104.43 75.1371
75.0421 -50.0175 64.8773 0 -104.825 75.0421
75 -50 65 0 -105 75
75.4436 -50.0404 64.7172 0 -104.596 75.4436
75.8868 -50.0808 64.4347 0 -104.192 75.8868
76.3292 -50.121 64.1527 0 -103.79 76.3292
76.7706 -50.1612 63.8714 0 -103.388 76.7706
77.2107 -50.2013 63.5909 0 -102.987 77.2107
77.6494 -50.2413 63.3112 0 -102.587 77.6494
78.0867 -50.2811 63.0325 0 -102.189 78.0867
78.5226 -50.3208 62.7546 0 -101.792 78.5226
78.9572 -50.3603 62.4776 0 -101.397 78.9572
79.3905 -50.3998 62.2014 0 -101.002 79.3905
79.8227 -50.4392 61.9259 0 -100.608 79.8227
80.2541 -50.4784 61.651 0 -100.216 80.2541
80.6847 -50.5176 61.3765 0 -99.8235 80.6847
81.1148 -50.5568 61.1023 0 -99.4319 81.1148
81.5447 -50.596 60.8283 0 -99.0404 81.5447
81.9746 -50.6351 60.5543 0 -98.649 81.9746
82.4047 -50.6743 60.2801 0 -98.2573 82.4047
82.8353 -50.7135 60.0056 0 -97.8652 82.8353
83.2666 -50.7528 59.7307 0 -97.4724 83.2666
83.6988 -50.7921 59.4552 0 -97.0788 83.6988
84.1322 -50.8316 59.179 0 -96.6842 84.1322
84.5667 -50.8711 58.902 0 -96.2885 84.5667
85.0026 -50.9108 58.6241 0 -95.8916 85.0026
85.44 -50.9507 58.3453 0 -95.4933 85.44
85.8787 -50.9906 58.0657 0 -95.0938 85.8787
86.3188 -51.0307 57.7852 0 -94.6931 86.3188
86.7601 -51.0709 57.5038 0 -94.2912 86.7601
87.2025 -51.1112 57.2218 0 -93.8883 87.2025
87.6457 -51.1515 56.9393 0 -93.4848 87.6457
88.0893 -51.1919 56.6566 0 -93.0808 88.0893
88.533 -51.2323 56.3738 0 -92.6768 88.533
88.9762 -51.2727 56.0913 0 -92.2733 88.9762
89.4186 -51.313 55.8093 0 -91.8704 89.4186
89.8599 -51.3531 55.528 0 -91.4685 89.8599
90.3 -51.3932 55.2474 0 -91.0678 90.3
90.7387 -51.4332 54.9678 0 -90.6683 90.7387
91.176 -51.473 54.689 0 -90.27 91.176
91.612 -51.5127 54.4112 0 -89.8731 91.612
92.0465 -51.5523 54.1342 0 -89.4774 92.0465
92.4798 -51.5917 53.858 0 -89.0828 92.4798
92.9121 -51.6311 53.5824 0 -88.6892 92.9121
93.3434 -51.6704 53.3075 0 -88.2965 93.3434
93.774 -51.7096 53.033 0 -87.9043 93.774
94.2041 -51.7487 52.7589 0 -87.5127 94.2041
94.634 -51.7879 52.4848 0 -87.1212 94.634
95.0639 -51.827 52.2108 0 -86.7298 95.0639
95.494 -51.8662 51.9367 0 -86.3381 95.494
95.9246 -51.9054 51.6622 0 -85.946 95.9246
96.3559 -51.9447 51.3872 0 -85.5532 96.3559
96.7882 -51.984 51.1117 0 -85.1596 96.7882
96.9635 -52 51 0 -85 96.9635
96.5198 -51.9596 51.2828 0 -85.404 96.5198
96.0766 -51.9192 51.5653 0 -85.8075 96.0766
95.6342 -51.879 51.8473 0 -86.2104 95.6342
95.1929 -51.8388 52.1286 0 -86.6123 95.1929
94.7528 -51.7987 52.4091 0 -87.013 94.7528
94.3141 -51.7587 52.6888 0 -87.4125 94.3141
93.8768 -51.7189 52.9675 0 -87.8108 93.8768
93.4409 -51.6792 53.2454 0 -88.2077 93.4409
93.0063 -51.6397 53.5224 0 -88.6034 93.0063
92.573 -51.6002 53.7986 0 -88.998 92.573
92.1407 -51.5608 54.0741 0 -89.3916 92.1407
91.7094 -51.5216 54.349 0 -89.7844 91.7094
91.2788 -51.4824 54.6235 0 -90.1765 91.2788
90.8487 -51.4432 54.8977 0 -90.5681 90.8487
90.4188 -51.404 55.1717 0 -90.9596 90.4188
89.9889 -51.3649 55.4457 0 -91.351 89.9889
89.5588 -51.3257 55.7199 0 -91.7427 89.5588
89.1282 -51.2865 55.9944 0 -92.1348 89.1282
88.6969 -51.2472 56.2693 0 -92.5276 88.6969
88.2646 -51.2079 56.5448 0 -92.9212 88.2646
87.8313 -51.1684 56.821 0 -93.3158 87.8313
87.3967 -51.1289 57.098 0 -93.7115 87.3967
86.9608 -51.0892 57.3759 0 -94.1084 86.9608
86.5235 -51.0493 57.6547 0 -94.5067 86.5235
86.0848 -51.0094 57.9343 0 -94.9062 86.0848
85.6447 -50.9693 58.2148 0 -95.3069 85.6447
85.2033 -50.9291 58.4962 0 -95.7088 85.2033
84.7609 -50.8888 58.7782 0 -96.1117 84.7609
84.3178 -50.8485 59.0607 0 -96.5152 84.3178
83.8741 -50.8081 59.3434 0 -96.9192 83.8741
83.4305 -50.7677 59.6262 0 -97.3232 83.4305
82.9873 -50.7273 59.9087 0 -97.7267 82.9873
82.5449 -50.687 60.1907 0 -98.1296 82.5449
82.1036 -50.6469 60.472 0 -98.5315 82.1036
81.6635 -50.6068 60.7526 0 -98.9322 81.6635
81.2247 -50.5668 61.0322 0 -99.3317 81.2247
80.7874 -50.527 61.311 0 -99.73 80.7874
80.3515 -50.4873 61.5888 0 -100.127 80.3515
79.917 -50.4477 61.8658 0 -100.523 79.917
79.4836 -50.4083 62.142 0 -100.917 79.4836
79.0514 -50.3689 62.4176 0 -101.311 79.0514
78.6201 -50.3296 62.6925 0 -101.704 78.6201
78.1895 -50.2904 62.967 0 -102.096 78.1895
77.7593 -50.2513 63.2411 0 -102.487 77.7593
77.3295 -50.2121 63.5152 0 -102.879 77.3295
76.8996 -50.173 63.7892 0 -103.27 76.8996
76.4695 -50.1338 64.0633 0 -103.662 76.4695
76.0388 -50.0946 64.3378 0 -104.054 76.0388
75.6075 -50.0553 64.6128 0 -104.447 75.6075
75.1753 -50.016 64.8883 0 -104.84 75.1753
75 -50 65 0 -105 75
75.1623 -50.0404 64.7172 0 -104.596 75.1623
75.3245 -50.0807 64.4348 0 -104.193 75.3245
75.4863 -50.121 64.1528 0 -103.79 75.4863
75.6477 -50.1612 63.8717 0 -103.388 75.6477
75.8086 -50.2012 63.5914 0 -102.988 75.8086
75.969 -50.2411 63.312 0 -102.589 75.969
76.1288 -50.2809 63.0336 0 -102.191 76.1288
76.2881 -50.3206 62.7561 0 -101.794 76.2881
76.4468 -50.3601 62.4796 0 -101.399 76.4468
76.6051 -50.3995 62.2038 0 -101.005 76.6051
76.763 -50.4387 61.9288 0 -100.613 76.763
76.9205 -50.4779 61.6544 0 -100.221 76.9205
77.0778 -50.5171 61.3803 0 -99.829 77.0778
77.235 -50.5562 61.1065 0 -99.4379 77.235
77.3921 -50.5953 60.8329 0 -99.0469 77.3921
77.5493 -50.6344 60.5591 0 -98.6558 77.5493
77.7066 -50.6736 60.285 0 -98.2643 77.7066
77.8641 -50.7128 60.0106 0 -97.8723 77.8641
78.022 -50.7521 59.7355 0 -97.4794 78.022
78.1803 -50.7915 59.4598 0 -97.0854 78.1803
78.339 -50.831 59.1833 0 -96.6904 78.339
78.4983 -50.8706 58.9058 0 -96.294 78.4983
78.6581 -50.9104 58.6274 0 -95.8963 78.6581
78.8185 -50.9503 58.348 0 -95.4972 78.8185
78.9794 -50.9903 58.0677 0 -95.0967 78.9794
79.1408 -51.0305 57.7865 0 -94.6951 79.1408
79.3026 -51.0708 57.5046 0 -94.2923 79.3026
79.4648 -51.1111 57.2222 0 -93.8888 79.4648
79.6271 -51.1515 56.9394 0 -93.4848 79.6271
79.7894 -51.1919 56.6566 0 -93.0809 79.7894
79.9516 -51.2323 56.3742 0 -92.6774 79.9516
80.1134 -51.2725 56.0922 0 -92.2746 80.1134
80.2748 -51.3127 55.8111 0 -91.873 80.2748
80.4357 -51.3527 55.5308 0 -91.4725 80.4357
80.5961 -51.3927 55.2514 0 -91.0734 80.5961
80.7559 -51.4324 54.973 0 -90.6757 80.7559
80.9152 -51.4721 54.6955 0 -90.2793 80.9152
81.0739 -51.5116 54.419 0 -89.8842 81.0739
81.2322 -51.551 54.1432 0 -89.4903 81.2322
81.3901 -51.5903 53.8682 0 -89.0974 81.3901
81.5476 -51.6295 53.5938 0 -88.7054 81.5476
81.7049 -51.6686 53.3197 0 -88.3139 81.7049
81.8621 -51.7077 53.0459 0 -87.9228 81.8621
82.0192 -51.7468 52.7722 0 -87.5318 82.0192
82.1764 -51.7859 52.4985 0 -87.1407 82.1764
82.3337 -51.8251 52.2244 0 -86.7492 82.3337
82.4912 -51.8643 51.95 0 -86.3571 82.4912
82.6491 -51.9036 51.6749 0 -85.9642 82.6491
82.8074 -51.943 51.3992 0 -85.5703 82.8074
82.9661 -51.9825 51.1227 0 -85.1752 82.9661
83.0365 -52 51 0 -85 83.0365
79.9435 -52.298 50.7765 0 -84.6275 79.9435
76.4244 -52.637 50.5222 0 -84.2037 76.4244
74.38 -52.834 50.3745 0 -83.9575 74.38
71.8417 -53.0785 50.1911 0 -83.6518 71.8417
69.8638 -53.2691 50.0482 0 -83.4136 69.8638
68.1924 -53.4301 49.9274 0 -83.2123 68.1924
66.4904 -53.5941 49.8044 0 -83.0074 66.4904
64.8058 -53.7564 49.6827 0 -82.8045 64.8058
63.1932 -53.9118 49.5662 0 -82.6103 63.1932
61.6708 -54.0584 49.4562 0 -82.4269 61.6708
60.2265 -54.1976 49.3518 0 -82.253 60.2265
58.8298 -54.3321 49.2509 0 -82.0848 58.8298
57.4488 -54.4652 49.1511 0 -81.9185 57.4488
56.0635 -54.5987 49.051 0 -81.7517 56.0635
54.6519 -54.7347 48.949 0 -81.5817 54.6519
53.2821 -54.8666 48.85 0 -81.4167 53.2821
52.0105 -54.9891 48.7581 0 -81.2636 52.0105
50.8032 -55.1055 48.6709 0 -81.1182 50.8032
49.5516 -55.226 48.5805 0 -80.9674 49.5516
48.2129 -55.355 48.4837 0 -80.8062 48.2129
46.8311 -55.4881 48.3839 0 -80.6398 46.8311
45.4823 -55.6181 48.2864 0 -80.4774 45.4823
44.2187 -55.7398 48.1951 0 -80.3252 44.2187
43.0141 -55.8559 48.1081 0 -80.1801 43.0141
41.7631 -55.9764 48.0177 0 -80.0295 41.7631
40.4245 -56.1054 47.921 0 -79.8683 40.4245
39.0427 -56.2385 47.8211 0 -79.7019 39.0427
37.6938 -56.3685 47.7237 0 -79.5394 37.6938
36.4303 -56.4902 47.6324 0 -79.3873 36.4303
35.2257 -56.6062 47.5453 0 -79.2422 35.2257
33.9746 -56.7268 47.4549 0 -79.0915 33.9746
32.6356 -56.8558 47.3582 0 -78.9303 32.6356
31.2516 -56.9891 47.2582 0 -78.7636 31.2516
29.8953 -57.1198 47.1602 0 -78.6003 29.8953
28.6147 -57.2432 47.0676 0 -78.446 28.6147
27.377 -57.3624 46.9782 0 -78.297 27.377
26.0917 -57.4862 46.8853 0 -78.1422 26.0917
24.7253 -57.6179 46.7866 0 -77.9776 24.7253
23.3107 -57.7542 46.6844 0 -77.8073 23.3107
21.8547 -57.8944 46.5792 0 -77.6319 21.8547
20.3448 -58.0399 46.4701 0 -77.4501 20.3448
18.7978 -58.189 46.3583 0 -77.2638 18.7978
17.2131 -58.3416 46.2438 0 -77.0729 17.2131
15.4847 -58.5082 46.1189 0 -76.8648 15.4847
13.4943 -58.6999 45.9751 0 -76.6251 13.4943
11.4048 -58.9012 45.8241 0 -76.3735 11.4048
9.58133 -59.0769 45.6923 0 -76.1539 9.58133
6.86826 -59.3383 45.4963 0 -75.8271 6.86826
4.38877 -59.5772 45.3171 0 -75.5285 4.38877
0.479232 -59.9538 45.0346 0 -75.0577 0.479232
