# B-Spline Path (sampled)
# Format: t q1 q2 q3 q4 q5 q6
0 0.785398 -1.15785 0.840727 0 -1.309 0
0.00502513 0.75555 -1.15689 0.837758 0.00994934 -1.30402 0.029848
0.0100503 0.730826 -1.15609 0.835298 0.0181907 -1.2999 0.054572
0.0150754 0.709995 -1.15542 0.833226 0.0251345 -1.29643 0.0754035
0.0201005 0.692075 -1.15484 0.831444 0.0311078 -1.29344 0.0933233
0.0251256 0.676306 -1.15433 0.829875 0.036364 -1.29081 0.109092
0.0301508 0.662118 -1.15388 0.828464 0.0410932 -1.28845 0.12328
0.0351759 0.649101 -1.15346 0.827169 0.0454325 -1.28628 0.136297
0.040201 0.636971 -1.15306 0.825962 0.0494756 -1.28426 0.148427
0.0452261 0.625548 -1.15269 0.824826 0.0532835 -1.28236 0.159851
0.0502513 0.614715 -1.15235 0.823748 0.0568944 -1.28055 0.170683
0.0552764 0.604397 -1.15201 0.822722 0.0603337 -1.27883 0.181001
0.0603015 0.594533 -1.15169 0.821741 0.0636216 -1.27719 0.190865
0.0653266 0.585071 -1.15139 0.820799 0.0667758 -1.27561 0.200327
0.0703518 0.575964 -1.15109 0.819894 0.0698112 -1.27409 0.209434
0.0753769 0.567175 -1.15081 0.819019 0.0727409 -1.27263 0.218223
0.080402 0.55867 -1.15054 0.818173 0.075576 -1.27121 0.226728
0.0854271 0.55042 -1.15027 0.817353 0.0783261 -1.26983 0.234978
0.0904523 0.5424 -1.15001 0.816555 0.0809994 -1.2685 0.242998
0.0954774 0.534589 -1.14976 0.815778 0.0836032 -1.2672 0.25081
0.100503 0.526965 -1.14951 0.81502 0.0861443 -1.26592 0.258433
0.105528 0.519512 -1.14927 0.814278 0.0886288 -1.26468 0.265886
0.110553 0.512209 -1.14904 0.813552 0.0910629 -1.26347 0.273189
0.115578 0.505041 -1.1488 0.812839 0.0934524 -1.26227 0.280357
0.120603 0.497989 -1.14858 0.812137 0.095803 -1.2611 0.287409
0.125628 0.491038 -1.14835 0.811446 0.0981201 -1.25994 0.29436
0.130653 0.484171 -1.14813 0.810763 0.100409 -1.25879 0.301227
0.135678 0.477376 -1.14791 0.810087 0.102674 -1.25766 0.308022
0.140704 0.470638 -1.14769 0.809416 0.10492 -1.25654 0.31476
0.145729 0.463946 -1.14748 0.808751 0.107151 -1.25542 0.321453
0.150754 0.457289 -1.14726 0.808089 0.10937 -1.25431 0.32811
0.155779 0.450658 -1.14705 0.807429 0.11158 -1.25321 0.33474
0.160804 0.444047 -1.14684 0.806771 0.113784 -1.25211 0.341351
0.165829 0.437449 -1.14662 0.806115 0.115983 -1.25101 0.347949
0.170854 0.43086 -1.14641 0.80546 0.118179 -1.24991 0.354538
0.175879 0.424276 -1.1462 0.804805 0.120374 -1.24881 0.361122
0.180905 0.417696 -1.14599 0.80415 0.122567 -1.24771 0.367702
0.18593 0.411117 -1.14577 0.803496 0.12476 -1.24662 0.374281
0.190955 0.404539 -1.14556 0.802841 0.126953 -1.24552 0.380859
0.19598 0.397961 -1.14535 0.802187 0.129146 -1.24442 0.387437
0.201005 0.391384 -1.14514 0.801533 0.131338 -1.24333 0.394015
0.20603 0.384806 -1.14492 0.800878 0.133531 -1.24223 0.400593
0.211055 0.378228 -1.14471 0.800224 0.135723 -1.24114 0.40717
0.21608 0.37165 -1.1445 0.79957 0.137916 -1.24004 0.413748
0.221106 0.365072 -1.14429 0.798915 0.140109 -1.23894 0.420326
0.226131 0.358494 -1.14407 0.798261 0.142301 -1.23785 0.426904
0.231156 0.351916 -1.14386 0.797607 0.144494 -1.23675 0.433482
0.236181 0.345338 -1.14365 0.796952 0.146687 -1.23565 0.44006
0.241206 0.338761 -1.14344 0.796298 0.148879 -1.23456 0.446638
0.246231 0.332183 -1.14322 0.795644 0.151072 -1.23346 0.453216
0.251256 0.325605 -1.14301 0.794989 0.153264 -1.23236 0.459793
0.256281 0.319027 -1.1428 0.794335 0.155457 -1.23127 0.466371
0.261307 0.312449 -1.14259 0.793681 0.15765 -1.23017 0.472949
0.266332 0.305871 -1.14238 0.793027 0.159842 -1.22908 0.479527
0.271357 0.299293 -1.14216 0.792372 0.162035 -1.22798 0.486105
0.276382 0.292715 -1.14195 0.791718 0.164228 -1.22688 0.492683
0.281407 0.286138 -1.14174 0.791064 0.16642 -1.22579 0.499261
0.286432 0.27956 -1.14153 0.790409 0.168613 -1.22469 0.505839
0.291457 0.272982 -1.14131 0.789755 0.170805 -1.22359 0.512416
0.296482 0.266404 -1.1411 0.789101 0.172998 -1.2225 0.518994
0.301508 0.259826 -1.14089 0.788446 0.175191 -1.2214 0.525572
0.306533 0.253248 -1.14068 0.787792 0.177383 -1.22031 0.53215
0.311558 0.24667 -1.14046 0.787138 0.179576 -1.21921 0.538728
0.316583 0.240092 -1.14025 0.786483 0.181769 -1.21811 0.545306
0.321608 0.233515 -1.14004 0.785829 0.183961 -1.21702 0.551884
0.326633 0.226937 -1.13983 0.785175 0.186154 -1.21592 0.558462
0.331658 0.220359 -1.13962 0.78452 0.188346 -1.21482 0.565039
0.336683 0.213781 -1.1394 0.783866 0.190539 -1.21373 0.571617
0.341709 0.207203 -1.13919 0.783212 0.192732 -1.21263 0.578195
0.346734 0.200625 -1.13898 0.782557 0.194924 -1.21153 0.584773
0.351759 0.194047 -1.13877 0.781903 0.197117 -1.21044 0.591351
0.356784 0.187469 -1.13855 0.781249 0.19931 -1.20934 0.597929
0.361809 0.180892 -1.13834 0.780594 0.201502 -1.20825 0.604507
0.366834 0.174314 -1.13813 0.77994 0.203695 -1.20715 0.611085
0.371859 0.167736 -1.13792 0.779286 0.205887 -1.20605 0.617662
0.376884 0.161158 -1.1377 0.778631 0.20808 -1.20496 0.62424
0.38191 0.15458 -1.13749 0.777977 0.210273 -1.20386 0.630818
0.386935 0.148002 -1.13728 0.777323 0.212465 -1.20276 0.637396
0.39196 0.141424 -1.13707 0.776668 0.214658 -1.20167 0.643974
0.396985 0.134846 -1.13685 0.776014 0.216851 -1.20057 0.650552
0.40201 0.128269 -1.13664 0.77536 0.219043 -1.19948 0.65713
0.407035 0.121691 -1.13643 0.774705 0.221236 -1.19838 0.663707
0.41206 0.115113 -1.13622 0.774051 0.223428 -1.19728 0.670285
0.417085 0.108535 -1.13601 0.773397 0.225621 -1.19619 0.676863
0.422111 0.101957 -1.13579 0.772742 0.227814 -1.19509 0.683441
0.427136 0.0953792 -1.13558 0.772088 0.230006 -1.19399 0.690019
0.432161 0.0888013 -1.13537 0.771434 0.232199 -1.1929 0.696597
0.437186 0.0822234 -1.13516 0.770779 0.234392 -1.1918 0.703175
0.442211 0.0756456 -1.13494 0.770125 0.236584 -1.1907 0.709753
0.447236 0.0690677 -1.13473 0.769471 0.238777 -1.18961 0.71633
0.452261 0.0624898 -1.13452 0.768816 0.240969 -1.18851 0.722908
0.457286 0.0559119 -1.13431 0.768162 0.243162 -1.18742 0.729486
0.462312 0.0493341 -1.13409 0.767508 0.245355 -1.18632 0.736064
0.467337 0.0427562 -1.13388 0.766854 0.247547 -1.18522 0.742642
0.472362 0.0361783 -1.13367 0.766199 0.24974 -1.18413 0.74922
0.477387 0.0296004 -1.13346 0.765545 0.251933 -1.18303 0.755798
0.482412 0.0230226 -1.13324 0.764891 0.254125 -1.18193 0.762376
0.487437 0.0164447 -1.13303 0.764236 0.256318 -1.18084 0.768953
0.492462 0.00986681 -1.13282 0.763582 0.25851 -1.17974 0.775531
0.497487 0.00328894 -1.13261 0.762928 0.260703 -1.17865 0.782109
0.502513 -0.00328894 -1.1324 0.762273 0.262896 -1.17755 0.788687
0.507538 -0.00986681 -1.13218 0.761619 0.265088 -1.17645 0.795265
0.512563 -0.0164447 -1.13197 0.760965 0.267281 -1.17536 0.801843
0.517588 -0.0230226 -1.13176 0.76031 0.269474 -1.17426 0.808421
0.522613 -0.0296004 -1.13155 0.759656 0.271666 -1.17316 0.814999
0.527638 -0.0361783 -1.13133 0.759002 0.273859 -1.17207 0.821576
0.532663 -0.0427562 -1.13112 0.758347 0.276051 -1.17097 0.828154
0.537688 -0.0493341 -1.13091 0.757693 0.278244 -1.16987 0.834732
0.542714 -0.0559119 -1.1307 0.757039 0.280437 -1.16878 0.84131
0.547739 -0.0624898 -1.13048 0.756384 0.282629 -1.16768 0.847888
0.552764 -0.0690677 -1.13027 0.75573 0.284822 -1.16659 0.854466
0.557789 -0.0756456 -1.13006 0.755076 0.287015 -1.16549 0.861044
0.562814 -0.0822234 -1.12985 0.754421 0.289207 -1.16439 0.867622
0.567839 -0.0888013 -1.12964 0.753767 0.2914 -1.1633 0.874199
0.572864 -0.0953792 -1.12942 0.753113 0.293592 -1.1622 0.880777
0.577889 -0.101957 -1.12921 0.752458 0.295785 -1.1611 0.887355
0.582915 -0.108535 -1.129 0.751804 0.297978 -1.16001 0.893933
0.58794 -0.115113 -1.12879 0.75115 0.30017 -1.15891 0.900511
0.592965 -0.121691 -1.12857 0.750495 0.302363 -1.15782 0.907089
0.59799 -0.128269 -1.12836 0.749841 0.304556 -1.15672 0.913667
0.603015 -0.134846 -1.12815 0.749187 0.306748 -1.15562 0.920245
0.60804 -0.141424 -1.12794 0.748532 0.308941 -1.15453 0.926822
0.613065 -0.148002 -1.12772 0.747878 0.311133 -1.15343 0.9334
0.61809 -0.15458 -1.12751 0.747224 0.313326 -1.15233 0.939978
0.623116 -0.161158 -1.1273 0.746569 0.315519 -1.15124 0.946556
0.628141 -0.167736 -1.12709 0.745915 0.317711 -1.15014 0.953134
0.633166 -0.174314 -1.12687 0.745261 0.319904 -1.14904 0.959712
0.638191 -0.180892 -1.12666 0.744606 0.322097 -1.14795 0.96629
0.643216 -0.187469 -1.12645 0.743952 0.324289 -1.14685 0.972868
0.648241 -0.194047 -1.12624 0.743298 0.326482 -1.14576 0.979445
0.653266 -0.200625 -1.12603 0.742644 0.328674 -1.14466 0.986023
0.658291 -0.207203 -1.12581 0.741989 0.330867 -1.14356 0.992601
0.663317 -0.213781 -1.1256 0.741335 0.33306 -1.14247 0.999179
0.668342 -0.220359 -1.12539 0.740681 0.335252 -1.14137 1.00576
0.673367 -0.226937 -1.12518 0.740026 0.337445 -1.14027 1.01233
0.678392 -0.233515 -1.12496 0.739372 0.339638 -1.13918 1.01891
0.683417 -0.240092 -1.12475 0.738718 0.34183 -1.13808 1.02549
0.688442 -0.24667 -1.12454 0.738063 0.344023 -1.13699 1.03207
0.693467 -0.253248 -1.12433 0.737409 0.346215 -1.13589 1.03865
0.698492 -0.259826 -1.12411 0.736755 0.348408 -1.13479 1.04522
0.703518 -0.266404 -1.1239 0.7361 0.350601 -1.1337 1.0518
0.708543 -0.272982 -1.12369 0.735446 0.352793 -1.1326 1.05838
0.713568 -0.27956 -1.12348 0.734792 0.354986 -1.1315 1.06496
0.718593 -0.286138 -1.12327 0.734137 0.357179 -1.13041 1.07154
0.723618 -0.292715 -1.12305 0.733483 0.359371 -1.12931 1.07811
0.728643 -0.299293 -1.12284 0.732829 0.361564 -1.12822 1.08469
0.733668 -0.305871 -1.12263 0.732174 0.363756 -1.12712 1.09127
0.738693 -0.312449 -1.12242 0.73152 0.365949 -1.12602 1.09785
0.743719 -0.319027 -1.1222 0.730866 0.368142 -1.12493 1.10443
0.748744 -0.325605 -1.12199 0.730211 0.370334 -1.12383 1.111
0.753769 -0.332183 -1.12178 0.729557 0.372527 -1.12273 1.11758
0.758794 -0.338761 -1.12157 0.728903 0.37472 -1.12164 1.12416
0.763819 -0.345338 -1.12135 0.728248 0.376912 -1.12054 1.13074
0.768844 -0.351916 -1.12114 0.727594 0.379105 -1.11944 1.13731
0.773869 -0.358494 -1.12093 0.72694 0.381297 -1.11835 1.14389
0.778894 -0.365072 -1.12072 0.726285 0.38349 -1.11725 1.15047
0.78392 -0.37165 -1.1205 0.725631 0.385683 -1.11616 1.15705
0.788945 -0.378228 -1.12029 0.724977 0.387875 -1.11506 1.16363
0.79397 -0.384806 -1.12008 0.724322 0.390068 -1.11396 1.1702
0.798995 -0.391384 -1.11987 0.723668 0.392261 -1.11287 1.17678
0.80402 -0.397961 -1.11966 0.723014 0.394453 -1.11177 1.18336
0.809045 -0.404539 -1.11944 0.722359 0.396646 -1.11067 1.18994
0.81407 -0.411117 -1.11923 0.721705 0.398839 -1.10958 1.19652
0.819095 -0.417696 -1.11902 0.721051 0.401031 -1.10848 1.20309
0.824121 -0.424276 -1.11881 0.720396 0.403225 -1.10738 1.20967
0.829146 -0.43086 -1.11859 0.719741 0.405419 -1.10629 1.21626
0.834171 -0.437449 -1.11838 0.719086 0.407616 -1.10519 1.22285
0.839196 -0.444047 -1.11817 0.718429 0.409815 -1.10409 1.22945
0.844221 -0.450658 -1.11795 0.717772 0.412019 -1.10299 1.23606
0.849246 -0.457289 -1.11774 0.717112 0.414229 -1.10188 1.24269
0.854271 -0.463946 -1.11753 0.71645 0.416448 -1.10077 1.24934
0.859296 -0.470638 -1.11731 0.715784 0.418679 -1.09966 1.25604
0.864322 -0.477376 -1.11709 0.715114 0.420925 -1.09853 1.26277
0.869347 -0.484171 -1.11687 0.714438 0.42319 -1.0974 1.26957
0.874372 -0.491038 -1.11665 0.713755 0.425479 -1.09626 1.27644
0.879397 -0.497989 -1.11643 0.713064 0.427796 -1.0951 1.28339
0.884422 -0.505041 -1.1162 0.712362 0.430146 -1.09392 1.29044
0.889447 -0.512209 -1.11597 0.711649 0.432536 -1.09273 1.29761
0.894472 -0.519512 -1.11573 0.710923 0.43497 -1.09151 1.30491
0.899497 -0.526965 -1.11549 0.710181 0.437454 -1.09027 1.31236
0.904523 -0.534589 -1.11524 0.709423 0.439996 -1.089 1.31999
0.909548 -0.5424 -1.11499 0.708646 0.442599 -1.0877 1.3278
0.914573 -0.55042 -1.11473 0.707848 0.445273 -1.08636 1.33582
0.919598 -0.55867 -1.11447 0.707028 0.448023 -1.08499 1.34407
0.924623 -0.567175 -1.11419 0.706181 0.450858 -1.08357 1.35257
0.929648 -0.575964 -1.11391 0.705307 0.453788 -1.0821 1.36136
0.934673 -0.585071 -1.11362 0.704401 0.456823 -1.08059 1.37047
0.939698 -0.594533 -1.11331 0.70346 0.459977 -1.07901 1.37993
0.944724 -0.604397 -1.11299 0.702479 0.463265 -1.07736 1.3898
0.949749 -0.614715 -1.11266 0.701453 0.466704 -1.07564 1.40011
0.954774 -0.625548 -1.11231 0.700375 0.470315 -1.07384 1.41095
0.959799 -0.636971 -1.11194 0.699239 0.474123 -1.07194 1.42237
0.964824 -0.649101 -1.11155 0.698032 0.478166 -1.06991 1.4345
0.969849 -0.662118 -1.11113 0.696737 0.482506 -1.06774 1.44752
0.974874 -0.676306 -1.11067 0.695326 0.487235 -1.06538 1.4617
0.979899 -0.692075 -1.11016 0.693757 0.492491 -1.06275 1.47747
0.984925 -0.709995 -1.10958 0.691975 0.498464 -1.05976 1.49539
0.98995 -0.730826 -1.10891 0.689903 0.505408 -1.05629 1.51622
0.994975 -0.75555 -1.10811 0.687443 0.513649 -1.05217 1.54095
1 -0.785398 -1.10715 0.684474 0.523599 -1.0472 1.5708
