# Palletizing Path
# Format: q1 q2 q3 q4 q5 q6 (radians)
0.785398 -1.15785 0.840727 0 -1.309 0
0.730598 -1.15609 0.835276 0.0182667 -1.29986 0.0548
0.691737 -1.15483 0.83141 0.0312203 -1.29339 0.0936609
0.661709 -1.15386 0.828423 0.0412299 -1.28838 0.12369
0.636497 -1.15305 0.825915 0.0496337 -1.28418 0.148901
0.614182 -1.15233 0.823695 0.0570721 -1.28046 0.171216
0.593949 -1.15167 0.821683 0.0638164 -1.27709 0.191449
0.575333 -1.15107 0.819831 0.0700217 -1.27399 0.210065
0.557994 -1.15051 0.818106 0.0758013 -1.2711 0.227404
0.541682 -1.14999 0.816483 0.0812389 -1.26838 0.243717
0.526205 -1.14949 0.814944 0.0863977 -1.2658 0.259193
0.511407 -1.14901 0.813472 0.0913305 -1.26333 0.273991
0.497142 -1.14855 0.812053 0.0960855 -1.26095 0.288257
0.483275 -1.1481 0.810674 0.100708 -1.25864 0.302123
0.469689 -1.14766 0.809322 0.105236 -1.25638 0.315709
0.456283 -1.14723 0.807988 0.109705 -1.25414 0.329116
0.44298 -1.1468 0.806665 0.114139 -1.25193 0.342418
0.429729 -1.14637 0.805347 0.118556 -1.24972 0.355669
0.4165 -1.14595 0.804031 0.122966 -1.24751 0.368898
0.403277 -1.14552 0.802716 0.127374 -1.24531 0.382121
0.390055 -1.14509 0.801401 0.131781 -1.24311 0.395344
0.376832 -1.14467 0.800085 0.136189 -1.2409 0.408566
0.36361 -1.14424 0.79877 0.140596 -1.2387 0.421788
0.350388 -1.14381 0.797455 0.145003 -1.2365 0.43501
0.337166 -1.14339 0.79614 0.149411 -1.23429 0.448232
0.323944 -1.14296 0.794824 0.153818 -1.23209 0.461454
0.310721 -1.14253 0.793509 0.158226 -1.22988 0.474677
0.297499 -1.14211 0.792194 0.162633 -1.22768 0.487899
0.284277 -1.14168 0.790878 0.16704 -1.22548 0.501121
0.271055 -1.14125 0.789563 0.171448 -1.22327 0.514343
0.257833 -1.14082 0.788248 0.175855 -1.22107 0.527565
0.244611 -1.1404 0.786933 0.180263 -1.21887 0.540788
0.231388 -1.13997 0.785617 0.18467 -1.21666 0.55401
0.218166 -1.13954 0.784302 0.189077 -1.21446 0.567232
0.204944 -1.13912 0.782987 0.193485 -1.21225 0.580454
0.191722 -1.13869 0.781672 0.197892 -1.21005 0.593676
0.1785 -1.13826 0.780356 0.2023 -1.20785 0.606899
0.165277 -1.13784 0.779041 0.206707 -1.20564 0.620121
0.152055 -1.13741 0.777726 0.211114 -1.20344 0.633343
0.138833 -1.13698 0.776411 0.215522 -1.20124 0.646565
0.125611 -1.13656 0.775095 0.219929 -1.19903 0.659787
0.112389 -1.13613 0.77378 0.224337 -1.19683 0.67301
0.0991664 -1.1357 0.772465 0.228744 -1.19462 0.686232
0.0859442 -1.13528 0.77115 0.233151 -1.19242 0.699454
0.0727221 -1.13485 0.769834 0.237559 -1.19022 0.712676
0.0594999 -1.13442 0.768519 0.241966 -1.18801 0.725898
0.0462777 -1.134 0.767204 0.246373 -1.18581 0.73912
0.0330555 -1.13357 0.765889 0.250781 -1.18361 0.752343
0.0198333 -1.13314 0.764573 0.255188 -1.1814 0.765565
0.0066111 -1.13272 0.763258 0.259596 -1.1792 0.778787
-0.0066111 -1.13229 0.761943 0.264003 -1.177 0.792009
-0.0198333 -1.13186 0.760628 0.26841 -1.17479 0.805231
-0.0330555 -1.13143 0.759312 0.272818 -1.17259 0.818454
-0.0462777 -1.13101 0.757997 0.277225 -1.17038 0.831676
-0.0594999 -1.13058 0.756682 0.281633 -1.16818 0.844898
-0.0727221 -1.13015 0.755366 0.28604 -1.16598 0.85812
-0.0859442 -1.12973 0.754051 0.290447 -1.16377 0.871342
-0.0991664 -1.1293 0.752736 0.294855 -1.16157 0.884565
-0.112389 -1.12887 0.751421 0.299262 -1.15937 0.897787
-0.125611 -1.12845 0.750105 0.30367 -1.15716 0.911009
-0.138833 -1.12802 0.74879 0.308077 -1.15496 0.924231
-0.152055 -1.12759 0.747475 0.312484 -1.15275 0.937453
-0.165277 -1.12717 0.74616 0.316892 -1.15055 0.950676
-0.1785 -1.12674 0.744844 0.321299 -1.14835 0.963898
-0.191722 -1.12631 0.743529 0.325707 -1.14614 0.97712
-0.204944 -1.12589 0.742214 0.330114 -1.14394 0.990342
-0.218166 -1.12546 0.740899 0.334521 -1.14174 1.00356
-0.231388 -1.12503 0.739583 0.338929 -1.13953 1.01679
-0.244611 -1.12461 0.738268 0.343336 -1.13733 1.03001
-0.257833 -1.12418 0.736953 0.347744 -1.13513 1.04323
-0.271055 -1.12375 0.735638 0.352151 -1.13292 1.05645
-0.284277 -1.12333 0.734322 0.356558 -1.13072 1.06968
-0.297499 -1.1229 0.733007 0.360966 -1.12851 1.0829
-0.310721 -1.12247 0.731692 0.365373 -1.12631 1.09612
-0.323944 -1.12204 0.730377 0.369781 -1.12411 1.10934
-0.337166 -1.12162 0.729061 0.374188 -1.1219 1.12256
-0.350388 -1.12119 0.727746 0.378595 -1.1197 1.13579
-0.36361 -1.12076 0.726431 0.383003 -1.1175 1.14901
-0.376832 -1.12034 0.725116 0.38741 -1.11529 1.16223
-0.390055 -1.11991 0.7238 0.391818 -1.11309 1.17545
-0.403277 -1.11948 0.722485 0.396225 -1.11088 1.18868
-0.4165 -1.11906 0.72117 0.400633 -1.10868 1.2019
-0.429729 -1.11863 0.719854 0.405042 -1.10648 1.21513
-0.44298 -1.1182 0.718536 0.409459 -1.10427 1.22838
-0.456283 -1.11777 0.717212 0.413894 -1.10205 1.24168
-0.469689 -1.11734 0.715879 0.418362 -1.09982 1.25509
-0.483275 -1.1169 0.714527 0.422891 -1.09755 1.26867
-0.497142 -1.11645 0.713148 0.427513 -1.09524 1.28254
-0.511407 -1.11599 0.711729 0.432268 -1.09286 1.2968
-0.526205 -1.11552 0.710257 0.437201 -1.0904 1.3116
-0.541682 -1.11502 0.708717 0.44236 -1.08782 1.32708
-0.557994 -1.11449 0.707095 0.447797 -1.0851 1.34339
-0.575333 -1.11393 0.70537 0.453577 -1.08221 1.36073
-0.593949 -1.11333 0.703518 0.459782 -1.07911 1.37935
-0.614182 -1.11268 0.701506 0.466527 -1.07573 1.39958
-0.636497 -1.11196 0.699286 0.473965 -1.07201 1.4219
-0.661709 -1.11114 0.696778 0.482369 -1.06781 1.44711
-0.691737 -1.11017 0.693791 0.492378 -1.06281 1.47714
-0.730598 -1.10892 0.689925 0.505332 -1.05633 1.516
-0.785398 -1.10715 0.684474 0.523599 -1.0472 1.5708
