# Joint Path Data
# Format: q1 q2 q3 q4 q5 q6 (radians)
# Waypoints: 50
0.025615 -1.406718 1.690808 -0.095631 1.570796 0.283143
0.071041 -1.112645 1.902279 -0.609269 1.570796 0.852252
0.052366 -1.201841 1.832367 -2.036868 1.570796 0.847729
0.104127 -0.866817 2.074346 -2.532062 1.570796 1.447606
0.124355 -0.747840 2.162525 -2.985482 1.570796 1.695151
0.124355 -0.771757 2.168484 -2.967523 1.570796 1.695151
0.124355 -0.795674 2.174442 -2.949564 1.570796 1.695151
0.124355 -0.819592 2.180400 -2.931605 1.570796 1.695151
0.124355 -0.843509 2.186358 -2.913646 1.570796 1.695151
0.124355 -0.867426 2.192317 -2.895687 1.570796 1.695151
0.124355 -0.891344 2.198275 -2.877728 1.570796 1.695151
0.124355 -0.915261 2.204233 -2.859769 1.570796 1.695151
0.124355 -0.939178 2.210192 -2.841809 1.570796 1.695151
0.124355 -0.963096 2.216150 -2.823850 1.570796 1.695151
0.124355 -0.987013 2.222108 -2.805891 1.570796 1.695151
0.124355 -0.953903 2.212676 -2.829569 1.570796 1.695151
0.124355 -0.920794 2.203244 -2.853247 1.570796 1.695151
0.124355 -0.887684 2.193812 -2.876925 1.570796 1.695151
0.124355 -0.854574 2.184380 -2.900602 1.570796 1.695151
0.124355 -0.821465 2.174948 -2.924280 1.570796 1.695151
0.124355 -0.788355 2.165516 -2.947958 1.570796 1.695151
0.124355 -0.755245 2.156084 -2.971635 1.570796 1.695151
0.124355 -0.722136 2.146652 -2.995313 1.570796 1.695151
0.124355 -0.689026 2.137220 -3.018991 1.570796 1.695151
0.124355 -0.655916 2.127788 -3.042669 1.570796 1.695151
0.034513 -0.660637 2.110529 -2.886638 1.316386 1.793934
0.725899 -0.642791 2.173091 -1.735853 0.111235 1.263460
1.670078 -0.640446 2.316197 -0.880908 -0.728144 0.441076
15.807719 -0.241785 3.729745 18.556644 -20.353611 -10.914353
1.892547 -0.612974 2.294128 -0.110358 -1.570796 0.321751
1.892547 -0.640973 2.303856 -0.092087 -1.570796 0.321751
1.892547 -0.668971 2.313584 -0.073817 -1.570796 0.321751
1.892547 -0.696970 2.323312 -0.055546 -1.570796 0.321751
1.892547 -0.724968 2.333040 -0.037275 -1.570796 0.321751
1.892547 -0.752966 2.342767 -0.019005 -1.570796 0.321751
1.892547 -0.780965 2.352495 -0.000734 -1.570796 0.321751
1.892547 -0.808963 2.362223 0.017536 -1.570796 0.321751
1.892547 -0.836961 2.371951 0.035807 -1.570796 0.321751
1.892547 -0.864960 2.381679 0.054077 -1.570796 0.321751
1.892547 -0.892958 2.391407 0.072348 -1.570796 0.321751
1.892547 -0.854890 2.376790 0.048896 -1.570796 0.321751
1.892547 -0.816822 2.362173 0.025445 -1.570796 0.321751
1.892547 -0.778754 2.347557 0.001993 -1.570796 0.321751
1.892547 -0.740686 2.332940 -0.021458 -1.570796 0.321751
1.892547 -0.702618 2.318324 -0.044910 -1.570796 0.321751
1.892547 -0.664550 2.303707 -0.068361 -1.570796 0.321751
1.892547 -0.626482 2.289091 -0.091813 -1.570796 0.321751
1.892547 -0.588414 2.274474 -0.115264 -1.570796 0.321751
1.892547 -0.550346 2.259857 -0.138715 -1.570796 0.321751
1.892547 -0.512277 2.245241 -0.162167 -1.570796 0.321751
