# Palletizing Path Visualization Data
# Format: index q1 q2 q3 q4 q5 q6 (degrees)
0 0.0000 -90.0000 45.0000 0.0000 -45.0000 0.0000
1 5.4453 -90.0129 45.3502 4.7883 -41.9758 -3.4664
2 18.1572 -88.3193 45.3336 23.3248 -39.2321 -3.8945
3 23.2568 -89.3371 35.9285 44.6372 -30.9220 9.3165
4 36.5440 -80.1708 28.8877 45.3874 -30.3584 28.0721
5 41.9959 -78.1136 29.0012 45.3479 -30.3218 34.3881
6 47.1096 -80.8113 25.5878 46.8870 -29.0946 58.0381
7 65.7529 -75.5407 25.0839 52.6251 -22.5658 73.1977
8 83.5969 -63.8853 28.3219 47.8642 -30.0724 87.5627
9 90.0000 -60.0000 30.0000 45.0000 -30.0000 90.0000
